Epoch	AverageEpRet	StdEpRet	MaxEpRet	MinEpRet	AverageTestEpRet	StdTestEpRet	MaxTestEpRet	MinTestEpRet	EpLen	TestEpLen	TotalEnvInteracts	AverageQ1Vals	StdQ1Vals	MaxQ1Vals	MinQ1Vals	AverageQ2Vals	StdQ2Vals	MaxQ2Vals	MinQ2Vals	LossPi	LossQ	Time
1	-304.1	73.08313	-215.20259	-421.52783	-595.5061	2.3045268	-590.5539	-598.5254	1000.0	1000.0	5000	1.8924264	2.559518	19.124866	-8.078988	1.8926727	2.5560684	18.410147	-7.729048	-0.8529922	0.09768115	190.31986284255981
2	-214.41	83.23688	-81.058624	-326.227	-678.3879	75.98327	-485.57407	-792.3097	1000.0	1000.0	10000	9.829743	6.9042907	37.039303	-9.211418	9.828671	6.903202	36.87033	-8.593832	-3.0508258	0.26229542	391.6443250179291
3	-527.82996	112.83456	-357.0115	-699.5667	-110.654884	69.229454	-32.83583	-278.72223	1000.0	1000.0	15000	17.346977	9.258245	40.06707	-9.375745	17.345646	9.255921	41.292156	-9.166826	-4.6219807	0.5236966	603.2709839344025
4	343.325	218.88828	565.64716	-62.855003	518.8871	368.6627	969.2691	-186.15163	1000.0	1000.0	20000	18.69218	10.651116	50.699467	-14.405815	18.692793	10.65157	49.748547	-15.031332	-4.745428	0.46362984	806.9116230010986
5	547.5312	460.40765	964.73926	-181.59984	141.46254	454.90536	687.5472	-431.51328	1000.0	1000.0	25000	21.361958	14.402039	68.110405	-18.701786	21.362865	14.402425	67.25376	-18.58277	-4.7472734	0.76951015	1001.2544260025024
6	-245.67883	476.62674	595.9103	-736.7402	-328.69168	34.856266	-277.66946	-391.977	1000.0	1000.0	30000	23.241117	17.357508	67.77328	-23.30207	23.239212	17.356518	68.990135	-22.981754	-4.7560225	0.9982008	1181.1974589824677
7	-327.36993	521.74384	593.94293	-937.59607	-1018.23096	249.14275	-515.17163	-1231.3683	1000.0	1000.0	35000	19.324093	16.518684	63.7032	-25.336523	19.324482	16.515915	64.34651	-25.308207	-4.054171	0.8221998	1370.6636471748352
8	-517.2426	221.14604	-302.08716	-926.22095	-419.84552	102.12717	-250.24805	-541.67883	1000.0	1000.0	40000	17.69835	22.225044	68.74123	-45.783314	17.70148	22.224264	67.80875	-46.107464	-3.447625	1.0667682	1552.3346951007843
9	256.9216	423.10422	877.89325	-220.44478	327.93704	703.44275	1737.5403	-499.60873	1000.0	1000.0	45000	20.201586	25.862265	85.97421	-48.739666	20.199984	25.861385	83.48068	-50.30856	-3.1422718	1.1321554	1738.419919013977
10	1302.6422	605.1663	1678.4459	96.42982	1290.643	989.5086	2181.3047	-427.11566	1000.0	1000.0	50000	23.408726	30.949566	95.132965	-94.88514	23.409174	30.945126	93.46047	-93.861824	-3.439452	1.4085681	1920.7998139858246
11	2019.544	306.0611	2319.1677	1471.1302	621.94904	884.9135	2384.9575	-377.28513	1000.0	1000.0	55000	33.673187	34.117718	114.14628	-83.12457	33.66947	34.11464	114.34244	-81.68178	-5.216879	1.7671422	2102.474895954132
12	931.72595	1244.7306	3113.7864	-424.9869	1212.3402	1248.7258	3194.3164	-330.5544	1000.0	1000.0	60000	43.97547	39.947617	143.93971	-75.09872	43.978592	39.945286	145.54327	-72.49836	-7.165433	2.2502632	2285.7870931625366
13	2141.993	1389.1466	3017.4983	-616.3976	190.31528	441.59302	1180.0702	-388.48972	1000.0	1000.0	65000	57.759476	48.096848	167.88182	-87.05332	57.76026	48.099903	170.89679	-85.19222	-9.11157	2.9312851	2466.71483707428
14	759.19275	1861.339	4479.994	-266.56952	300.2862	500.53094	948.9612	-335.87085	1000.0	1000.0	70000	70.10323	55.92879	198.96764	-89.70927	70.10806	55.928894	199.74734	-89.47367	-10.710183	3.5716374	2648.7182190418243
15	935.44366	1341.1381	3521.978	-189.65758	1229.0054	1533.0696	3844.2004	-673.5549	1000.0	1000.0	75000	81.002625	64.52235	216.23836	-111.25506	81.0048	64.51861	224.25351	-110.323044	-12.573728	3.8718157	2819.59056019783
16	3084.5425	1572.9333	3915.9817	-60.780006	3495.2695	1078.5457	4329.777	967.18134	1000.0	1000.0	80000	95.662895	73.75002	236.8655	-127.84908	95.65641	73.747894	238.00458	-127.36581	-15.186781	4.5152287	3005.0203869342804
17	3448.539	403.9025	3941.2527	2879.0596	4488.333	103.40451	4620.9746	4315.9385	1000.0	1000.0	85000	113.34024	77.655106	258.08368	-128.5581	113.338875	77.65085	258.27713	-130.12968	-18.786991	4.9809346	3182.5456647872925
18	4061.0454	447.0598	4639.384	3532.0857	4107.0137	184.2108	4374.323	3688.1433	1000.0	1000.0	90000	131.99051	78.700714	268.59033	-124.74382	131.99237	78.7035	273.11322	-128.06046	-21.912716	5.589756	3351.994329929352
19	4257.824	320.70117	4646.15	3821.425	4241.4126	1107.6023	4892.5366	1340.9984	1000.0	1000.0	95000	149.5147	80.882324	286.2434	-113.76797	149.51408	80.88837	282.02768	-110.447624	-25.515528	5.5424657	3525.7770659923553
20	4673.8154	244.82089	5071.556	4313.328	4946.936	80.454765	5081.021	4822.632	1000.0	1000.0	100000	167.73163	82.250755	302.88568	-92.02741	167.73016	82.25126	305.04422	-91.90931	-29.461021	5.198047	3704.5381078720093
21	5003.6445	200.04234	5392.368	4869.714	5036.2256	144.6449	5264.8364	4849.014	1000.0	1000.0	105000	187.30194	83.64325	333.5479	-82.46206	187.29333	83.6431	336.32986	-74.20447	-33.273624	5.3119125	3883.3155810832977
22	5190.118	127.07649	5386.595	5073.6143	4719.2983	1252.063	5414.484	1006.1914	1000.0	1000.0	110000	205.85208	86.546684	353.99536	-64.96382	205.8459	86.54734	351.82404	-71.6972	-36.815308	5.7008367	4058.285887002945
23	4170.35	1562.7319	5374.77	1116.6478	5328.3403	82.52408	5501.0967	5222.137	1000.0	1000.0	115000	222.67503	90.237816	367.96405	-65.78541	222.67133	90.243324	370.80078	-61.88445	-39.85537	6.0255923	4232.273715019226
24	4767.0996	1223.6416	6045.022	2479.798	3772.2925	2208.5442	5963.601	62.94979	1000.0	1000.0	120000	238.02217	94.89036	393.7748	-62.580784	238.0201	94.89102	389.14948	-62.85662	-42.906483	6.306461	4398.509166002274
25	4966.832	837.497	5644.0225	3326.6436	5494.696	1260.0942	6272.282	1754.0068	1000.0	1000.0	125000	252.4449	100.16853	405.7976	-82.71653	252.44183	100.17138	407.60266	-78.65623	-44.613655	7.194873	4564.419354915619
26	5799.6924	144.70113	5955.9727	5589.8115	5996.199	198.44586	6253.016	5519.593	1000.0	1000.0	130000	267.3177	105.39281	428.0604	-109.628494	267.32162	105.39405	427.51602	-104.92101	-47.833923	7.8327913	4728.234386920929
27	5776.665	258.46918	6166.721	5385.782	6384.632	89.222626	6579.188	6256.128	1000.0	1000.0	135000	282.2937	109.89417	447.87558	-124.461395	282.29724	109.894806	451.64056	-119.5899	-50.717308	8.384029	4894.777225971222
28	5874.163	150.46808	6096.611	5632.762	6441.4316	141.56154	6655.3687	6199.294	1000.0	1000.0	140000	295.81778	114.4377	458.51712	-149.71394	295.8215	114.435684	462.58646	-139.54733	-55.627926	8.543903	5051.731424808502
29	6201.45	88.488785	6332.2617	6064.4897	6569.2188	156.24672	6768.4907	6336.9277	1000.0	1000.0	145000	309.47632	118.13957	477.1865	-212.15645	309.4917	118.123886	475.98404	-157.11528	-58.894707	9.061983	5212.750475883484
30	6577.2607	281.59415	6968.5107	6226.3877	7263.5693	237.02888	7645.6685	6838.9907	1000.0	1000.0	150000	323.35168	122.46946	501.93097	-167.61853	323.35117	122.46692	501.58167	-178.14662	-62.4942	9.419783	5367.4138650894165
31	5715.6045	1819.9011	6752.3345	2083.688	7158.372	128.11266	7353.8745	6914.002	1000.0	1000.0	155000	333.2952	130.37767	513.4602	-192.49138	333.29272	130.37845	519.3983	-193.27861	-66.60503	10.169055	5531.168015003204
32	6710.3774	221.97752	7099.514	6481.2656	7248.221	175.06505	7562.0884	6967.7554	1000.0	1000.0	160000	348.43127	130.85771	528.44104	-196.71358	348.43283	130.84953	528.65924	-163.71355	-71.36617	10.165681	5689.9629011154175
33	7033.1084	272.41544	7377.99	6633.6	3847.573	811.49286	4727.0615	1971.4274	1000.0	1000.0	165000	364.18588	130.23425	544.4248	-179.76077	364.18777	130.23419	546.8853	-155.16872	-75.34191	10.419	5846.633983135223
34	6368.0947	1027.7827	7355.4873	4435.6357	7314.432	183.0039	7660.41	7052.8667	1000.0	1000.0	170000	379.7868	129.0669	640.95074	-185.3035	379.79697	129.06918	653.5865	-147.9427	-78.147	10.978136	6006.338047981262
35	7145.125	329.9065	7536.3467	6559.7686	6737.2905	180.04816	6987.4175	6383.3735	1000.0	1000.0	175000	394.86505	129.92207	746.3324	-131.48235	394.87808	129.92435	749.05853	-152.96077	-81.48874	11.490195	6174.416275024414
36	6188.745	1880.4872	7409.217	2451.1147	6940.708	1136.1304	7624.521	4225.206	1000.0	1000.0	180000	407.14264	133.35345	805.1075	-205.2375	407.15314	133.34251	803.1439	-179.39595	-84.099335	11.9881935	6327.088507890701
37	7187.669	377.70892	7664.544	6651.206	7604.668	188.66191	8077.1855	7360.295	1000.0	1000.0	185000	419.6918	136.06697	825.91077	-170.47054	419.69693	136.0604	824.1396	-181.33263	-86.22258	12.508656	6483.9869730472565
38	6939.689	469.1055	7522.3203	6345.336	6697.9556	783.8041	7698.1045	5002.8345	1000.0	1000.0	190000	431.3804	137.28793	802.72144	-134.12457	431.3892	137.28268	820.3088	-149.01427	-88.14844	12.703279	6644.781200885773
39	7228.0205	496.32944	7721.5015	6322.7725	7063.2163	834.2054	7599.815	4596.8364	1000.0	1000.0	195000	442.4183	138.88026	791.9385	-146.98347	442.4128	138.86954	794.57104	-137.00052	-89.78673	13.323375	6803.626683950424
40	7590.6904	121.91114	7757.3413	7462.2783	7810.633	1535.0471	8555.774	3233.1707	1000.0	1000.0	200000	452.8434	142.26894	741.3258	-152.39844	452.84744	142.25578	737.41077	-143.00322	-93.8332	13.680755	6958.169771909714
41	7809.689	218.8242	8188.9385	7540.6724	7749.8022	132.5769	8040.571	7565.137	1000.0	1000.0	205000	462.31122	146.03029	700.53687	-138.1379	462.31836	146.02625	730.3525	-135.45967	-96.1042	14.420011	7118.916975021362
42	7723.544	375.6339	8279.044	7112.259	8563.622	176.04485	8796.791	8239.326	1000.0	1000.0	210000	472.2352	148.21643	689.3414	-138.16173	472.23535	148.20973	692.07434	-164.50774	-99.168434	15.433562	7277.994555950165
43	7963.014	362.27628	8407.442	7350.0596	8145.6943	140.27003	8398.078	7910.3516	1000.0	1000.0	215000	483.10248	149.1886	700.7208	-159.0381	483.09607	149.18953	698.24677	-158.88742	-102.83336	15.833079	7450.177494764328
44	7104.1865	2027.3407	8311.653	3062.275	8105.349	1359.3279	8802.928	4050.4207	1000.0	1000.0	220000	491.95905	151.66423	708.14954	-185.32663	491.95624	151.66675	706.9319	-165.73283	-104.5192	16.45935	7650.490910053253
45	6834.5596	2305.8784	8204.741	2258.926	7792.823	194.73709	8125.5728	7573.539	1000.0	1000.0	225000	500.0063	155.61418	720.1422	-137.46823	500.01056	155.5959	714.8945	-154.11443	-106.11956	16.779795	7820.445265054703
46	8015.1514	441.22696	8616.398	7469.75	8589.769	149.26704	8805.1875	8361.632	1000.0	1000.0	230000	508.36642	157.34427	725.30994	-158.08813	508.3747	157.33458	723.24756	-136.82106	-107.4265	17.548103	7990.497663021088
47	8236.08	354.3355	8698.21	7722.261	9038.423	114.408806	9245.21	8831.2705	1000.0	1000.0	235000	516.8018	158.97675	728.0351	-147.75552	516.81226	158.9706	729.14294	-151.89594	-109.437164	18.055332	8167.420955896378
48	8374.196	503.99976	8727.525	7377.6826	8668.67	177.61465	8924.722	8376.696	1000.0	1000.0	240000	525.05304	161.03403	737.2235	-153.0776	525.05286	161.02473	736.34985	-155.30405	-111.74391	18.114166	8326.928946018219
49	8370.14	145.55399	8534.056	8099.065	8660.616	124.332756	8832.458	8461.563	1000.0	1000.0	245000	533.23315	162.93254	745.8931	-139.65862	533.2391	162.92912	744.21466	-179.94061	-114.88293	18.183788	8494.944256782532
50	8255.875	331.88715	8843.3125	7847.309	8869.946	254.36592	9285.399	8424.886	1000.0	1000.0	250000	541.4992	164.40256	749.8028	-199.27354	541.5042	164.40108	750.82935	-186.77011	-114.596985	18.049513	8662.28760099411
51	8740.812	163.70714	8937.204	8463.448	9363.861	216.29678	9882.565	9044.968	1000.0	1000.0	255000	549.08997	165.94833	762.11865	-178.009	549.1068	165.95012	766.4576	-163.95494	-117.79005	18.728695	8851.248177051544
52	8575.542	558.44104	9117.155	7510.9453	9098.742	182.67403	9407.42	8789.77	1000.0	1000.0	260000	556.5812	167.66402	766.5158	-223.50058	556.5737	167.66444	767.2485	-192.50336	-118.71127	18.616096	9019.555362939835
53	8413.2295	417.09058	8836.838	7659.4834	8515.595	141.5325	8786.254	8333.423	1000.0	1000.0	265000	563.3816	169.37347	773.1407	-150.53615	563.38226	169.37634	779.60144	-162.92805	-119.50613	19.782715	9189.649384021759
54	8312.62	576.442	9023.665	7265.931	9413.099	189.89076	9802.953	9195.58	1000.0	1000.0	270000	570.2991	170.44893	786.90405	-288.8366	570.30225	170.44794	787.3279	-332.4954	-124.42289	20.253832	9362.692734956741
55	8632.0205	419.3802	9098.973	8051.222	8887.604	2031.9354	9706.14	2798.1648	1000.0	1000.0	275000	577.1997	170.27542	791.2982	-197.84076	577.1956	170.27472	791.7227	-210.07767	-127.11924	20.415665	9522.36265206337
56	8441.627	669.87915	9082.078	7191.5454	9496.452	242.00299	9789.48	9092.391	1000.0	1000.0	280000	583.0822	171.75029	796.9084	-217.8853	583.0768	171.74353	798.4143	-235.74747	-128.10321	21.236853	9686.098087072372
57	8877.719	255.85213	9256.237	8547.98	9659.178	184.97235	9916.559	9295.583	1000.0	1000.0	285000	590.3056	171.25864	801.5734	-258.47913	590.2884	171.24495	803.4604	-224.01639	-128.07996	21.760124	9844.839542865753
58	9266.486	132.40547	9499.2	9092.4375	8816.6	2131.1443	9920.328	2445.7007	1000.0	1000.0	290000	597.0855	171.48064	815.62146	-318.56973	597.0767	171.47327	808.4867	-266.41934	-129.20572	22.177216	10018.552203893661
59	8970.091	256.1487	9445.304	8743.857	9712.408	157.23088	9989.39	9496.969	1000.0	1000.0	295000	603.2307	172.17372	813.5863	-204.11543	603.2161	172.16434	812.71716	-222.85161	-132.95975	21.505806	10193.309195041656
60	8504.201	1022.70874	9132.844	6464.6724	9747.276	152.43878	9958.569	9514.186	1000.0	1000.0	300000	606.0238	176.93777	818.8525	-269.78632	606.01276	176.93712	816.0187	-290.39066	-133.1415	22.88235	10387.78003001213
61	9179.119	247.27626	9498.58	8794.539	9951.225	94.36967	10095.977	9786.994	1000.0	1000.0	305000	610.7234	178.67918	818.8108	-277.6926	610.72345	178.66252	824.62354	-236.55865	-135.46272	23.609806	10549.871652841568
62	9125.826	157.01958	9297.516	8858.429	9619.644	200.116	9814.81	9241.283	1000.0	1000.0	310000	615.49243	180.18776	827.5646	-200.96872	615.49524	180.18428	829.60754	-187.84387	-137.98994	23.78634	10712.657013893127
63	8923.9	299.6386	9334.16	8526.471	9399.198	1405.8553	10233.874	5208.622	1000.0	1000.0	315000	619.7932	182.03311	832.9913	-191.37634	619.78564	182.02754	830.0818	-216.67018	-138.82553	23.561865	10882.88731598854
64	7990.03	3284.6306	9840.233	1430.755	9642.7	145.96558	9871.489	9418.396	1000.0	1000.0	320000	622.6477	186.38904	835.87054	-285.42963	622.6513	186.40265	840.18774	-270.7028	-140.80885	24.41952	11039.815213918686
65	9402.187	326.66537	9892.176	9061.596	9819.011	204.58333	10136.469	9370.751	1000.0	1000.0	325000	628.7686	185.12643	851.91016	-366.03003	628.7628	185.13036	851.2168	-289.99554	-143.61105	24.842924	11206.193545103073
66	9309.096	271.94098	9665.056	8891.419	9955.803	369.30295	10355.657	8999.439	1000.0	1000.0	330000	633.2854	186.04459	845.5188	-350.1787	633.2881	186.04077	848.47205	-290.67535	-143.31203	25.493723	11371.085624933243
67	9427.396	235.10484	9749.221	9153.187	10117.186	497.24747	10629.701	8713.1	1000.0	1000.0	335000	637.62054	186.34134	849.1051	-330.11008	637.6197	186.34146	845.2801	-290.11707	-143.7758	25.47566	11526.468341827393
68	9732.4375	232.5234	9979.249	9379.327	9803.339	206.22182	10213.172	9514.53	1000.0	1000.0	340000	641.88495	187.15471	860.10175	-243.35506	641.89825	187.16258	856.95325	-238.01244	-144.86525	26.679731	11697.941312789917
69	9336.651	430.28207	9729.122	8582.0	10126.239	114.21329	10295.335	9947.522	1000.0	1000.0	345000	646.1165	186.93678	856.5038	-237.03879	646.13495	186.9402	854.2788	-258.40982	-146.92169	25.686535	11861.540938138962
70	9459.735	307.309	9663.74	8854.771	9753.928	185.35547	10089.248	9488.651	1000.0	1000.0	350000	650.21436	186.4913	858.68634	-208.102	650.212	186.4991	861.6167	-219.5868	-147.23683	25.470701	12026.99010181427
71	9240.485	625.2864	10061.094	8356.399	10012.074	175.91516	10277.414	9747.189	1000.0	1000.0	355000	655.01746	185.17351	861.97595	-216.82988	655.0344	185.18701	860.9539	-397.68832	-148.6373	25.333923	12223.02638912201
72	9254.225	816.4821	9946.403	7692.5684	9937.395	156.26434	10232.146	9710.969	1000.0	1000.0	360000	658.5958	185.87675	871.2395	-244.58951	658.59625	185.89807	867.8358	-249.37163	-150.29994	26.41579	12425.494843006134
