Epoch	AverageEpRet	StdEpRet	MaxEpRet	MinEpRet	AverageTestEpRet	StdTestEpRet	MaxTestEpRet	MinTestEpRet	EpLen	TestEpLen	TotalEnvInteracts	AverageQVals	StdQVals	MaxQVals	MinQVals	LossPi	LossQ	Time
1	-207.3308	136.16225	-21.080683	-629.20074	-49.67183	17.248228	-23.170925	-81.38508	108.91111	1000.0	5000	2.4802065	31.522205	78.028694	-414.69028	-4.852505	36.730118	63.097131967544556
2	-187.77399	113.33113	-31.888447	-424.15173	-66.62232	18.601173	-42.06792	-108.27346	104.5625	88.2	10000	32.710445	61.001453	161.16534	-567.7878	-37.040592	60.740692	89.96004700660706
3	-118.828026	104.90616	17.994528	-483.4324	-169.70944	79.026764	-54.829006	-328.9254	189.86957	382.3	15000	64.95356	63.339596	260.532	-601.3255	-68.8279	61.49812	124.06262922286987
4	-108.09043	83.61945	8.289238	-221.10596	-88.65041	34.22585	-38.72597	-158.82695	526.6667	928.8	20000	87.46834	61.99321	493.66315	-603.93945	-92.00633	94.86684	194.06739902496338
5	-258.65018	108.19308	-97.40945	-506.28912	-250.5024	75.31485	-146.60002	-365.89484	173.0	487.6	25000	162.57875	88.91966	874.17957	-397.32022	-169.68042	213.60622	240.41746997833252
6	-298.68414	123.44061	0.9257566	-568.44604	-310.9887	124.16526	-88.53878	-518.1472	248.9	142.0	30000	267.9333	180.40656	1412.0946	-387.9552	-277.277	480.9744	277.4832339286804
7	-275.3189	106.707825	-54.58224	-507.9507	-234.51926	102.727005	-66.52192	-361.54037	156.96774	381.8	35000	375.25574	271.2755	1853.9697	-483.6913	-385.16205	802.5055	314.0663139820099
8	-204.65709	137.43895	-19.559078	-535.6388	-159.30527	112.47054	-41.021496	-417.46002	464.45456	893.0	40000	495.6872	321.90695	2291.0342	-786.60815	-508.02588	1001.01605	374.3791151046753
9	-252.71053	98.86331	-70.494736	-379.95654	-178.44594	116.70321	-37.436153	-427.1535	435.6	860.7	45000	662.06995	391.401	2495.4126	-394.98492	-677.68616	1213.335	438.1380000114441
10	-134.62497	94.639656	-0.43066126	-315.32147	-110.31929	99.46651	11.248626	-340.37906	802.5	705.7	50000	833.57104	449.47852	2579.8406	-467.53238	-849.5711	1574.1123	492.47011709213257
11	-129.302	97.98528	-31.971262	-301.78833	-0.42129907	37.834167	77.882126	-51.454124	839.0	365.6	55000	977.64966	484.29596	2635.5693	-563.4199	-993.6539	1710.6797	546.3178281784058
12	-40.89958	29.13009	-12.391366	-94.38034	-98.516396	96.12425	3.248241	-291.13538	1000.0	954.7	60000	1124.2687	479.44455	2553.0625	-596.6775	-1141.089	1618.5792	626.5676000118256
13	-149.81715	152.27051	26.588518	-360.9213	-113.76255	118.04382	55.68829	-314.0426	824.3333	680.4	65000	1222.6414	439.8219	2370.1963	-508.20358	-1239.9904	1555.2933	684.6485760211945
14	-115.69414	100.776505	-1.313754	-244.37363	-82.922554	66.04627	4.1424613	-235.41197	870.2	836.4	70000	1277.2842	399.92227	2192.6704	-1080.4152	-1293.6288	1385.657	774.3940629959106
15	-85.35736	158.09839	26.470106	-431.1128	-9.65597	20.2954	40.158943	-41.777683	813.8333	930.6	75000	1281.0485	355.8842	2159.184	-1208.2104	-1296.1075	1310.7227	851.0453381538391
16	-100.86626	82.65736	4.0056477	-212.11662	-61.613594	34.426468	-3.5239818	-104.52647	530.3	831.3	80000	1255.8584	319.4399	2125.8127	-1314.7147	-1269.6554	1090.6897	943.2049291133881
17	-136.49011	149.37772	-4.724014	-414.54874	-128.82504	112.95257	-12.509582	-379.75555	790.3333	583.8	85000	1199.575	289.31125	2138.9712	-1654.5752	-1212.0157	1081.4403	1002.3493959903717
18	-100.03921	60.491776	18.217405	-172.05652	-154.88219	129.70206	-4.6306086	-381.36975	567.0	579.6	90000	1126.6932	267.06543	2254.3608	-1278.7972	-1138.0912	919.8515	1060.1950719356537
19	-61.125698	134.55566	154.37167	-330.16162	-59.908836	85.10576	36.654583	-276.70526	562.2222	964.5	95000	1056.7518	249.70981	2253.489	-723.90234	-1067.2228	972.4318	1127.2188081741333
20	-180.86333	132.58357	-35.65721	-326.15765	-131.93356	71.37664	-9.765526	-264.29416	843.0	398.0	100000	987.36884	241.4418	2411.5085	-529.8018	-996.7679	817.5536	1174.1507399082184
21	-65.708466	71.91049	34.08485	-211.9676	-44.12629	119.48447	169.36035	-249.9207	558.2222	602.4	105000	912.52124	224.9347	2367.6853	-563.00494	-921.0194	722.31024	1227.0110709667206
22	-125.58454	154.94476	84.56515	-403.53137	-141.288	142.05888	-12.49578	-483.13092	459.0909	671.4	110000	835.9715	206.39122	2096.1155	-756.13904	-843.5697	636.1408	1280.0897250175476
23	-109.57586	147.91553	24.463957	-403.95523	-103.250244	114.19444	29.005354	-318.18372	713.0	638.7	115000	773.8306	190.38	1881.7328	-688.0847	-781.18207	553.4787	1330.8633542060852
24	-12.086724	40.87345	33.618214	-83.02937	-172.58907	124.155876	-19.986212	-454.6779	699.125	264.7	120000	713.86334	176.37354	1739.1272	-535.41925	-720.49194	453.08456	1376.2331340312958
25	-323.13052	164.33786	-74.40952	-737.024	-872.0799	922.4807	-40.064514	-2413.8232	377.30768	394.2	125000	655.7417	163.4772	1456.9528	-405.28842	-662.07025	394.9548	1418.6646268367767
26	-694.50977	629.2661	-82.543976	-1964.4297	-574.88	763.0515	174.76772	-1791.7202	465.81818	571.3	130000	617.78546	155.70505	1349.1508	-579.0987	-624.3561	407.5816	1471.6509461402893
27	-128.72426	103.561554	-10.4253235	-332.2278	-197.39745	68.09187	-122.101616	-353.1443	533.0	1000.0	135000	586.2996	145.00182	1440.8217	-723.6447	-592.4624	392.1759	1535.5613551139832
28	-209.99377	88.50484	-127.001305	-374.98138	-108.59786	43.929333	-34.31803	-186.22827	873.1667	1000.0	140000	547.30273	132.99596	1768.0728	-540.8563	-552.6177	393.61487	1611.048269033432
29	-77.019905	60.857788	21.786644	-160.38055	8.050006	159.60562	231.34741	-280.30258	540.0	318.0	145000	506.38782	125.27702	1946.226	-742.92664	-511.73276	398.23813	1654.5299520492554
30	-134.39334	104.180115	211.431	-341.70483	-119.782364	148.67569	252.20856	-325.48645	223.91304	166.0	150000	485.63907	121.9139	1894.5864	-498.66006	-491.08417	426.89902	1689.6638021469116
31	-176.81721	103.52985	-4.9931316	-404.1087	-364.83347	87.403915	-204.65077	-534.7042	132.1842	71.7	155000	468.8517	123.3441	1393.1913	-541.1732	-474.34183	345.17145	1721.238163948059
32	-266.15482	93.953926	-33.909676	-463.52652	-216.90129	59.374634	-97.75196	-287.23492	128.68571	483.7	160000	452.31125	124.755455	1293.2784	-528.3679	-457.60196	288.86707	1764.7706270217896
33	-162.20522	111.50293	-7.505324	-286.47147	-109.13694	143.0025	190.92824	-347.82016	763.7143	517.6	165000	426.38812	123.683	1141.425	-810.9022	-431.097	251.39731	1822.5308859348297
34	-151.98528	99.84382	-8.987652	-304.83875	37.423332	175.14587	252.92754	-283.64197	607.5714	728.0	170000	395.44202	117.01066	1122.7352	-944.47705	-399.31088	220.62181	1882.6193180084229
35	-65.81994	113.77555	183.95091	-165.97404	-21.546339	196.82294	259.33136	-361.92368	766.1429	420.5	175000	362.97638	107.709816	1042.056	-838.08954	-366.71872	205.97244	1932.7673070430756
36	-14.038199	153.81723	244.74028	-371.9988	42.70733	189.81454	230.86768	-221.25552	367.4	462.4	180000	337.36057	98.371895	1002.0664	-549.53784	-341.62787	223.85806	1983.1894359588623
37	-26.469177	151.37834	208.47107	-244.12589	36.25459	155.078	252.57141	-166.75764	397.0	378.2	185000	326.01038	99.49339	954.35516	-491.5557	-329.36597	189.90894	2020.8898749351501
38	109.41164	153.21088	268.764	-186.10971	-5.019937	105.769966	177.33061	-155.60373	552.0	446.5	190000	299.81613	91.60057	902.4553	-507.34467	-302.83084	149.16496	2068.8756699562073
39	90.43222	148.28172	285.7824	-155.29301	152.78369	134.74245	276.92578	-77.758125	280.8889	650.1	195000	276.38815	84.31732	787.5407	-521.37494	-279.4139	136.73517	2116.782543182373
40	-17.989311	138.37387	269.6921	-243.86554	27.30478	126.890495	257.59802	-153.37164	335.6	549.6	200000	259.83368	78.271774	717.92206	-357.68665	-262.73874	114.36609	2161.931493997574
41	45.129486	127.21336	210.92514	-181.9302	62.09096	175.46292	255.4864	-342.91446	712.4286	655.7	205000	243.32205	75.6754	623.7342	-460.27176	-246.04156	107.40626	2220.749140024185
42	13.404874	147.34741	246.53252	-235.52185	228.23648	40.532417	270.3288	135.38882	493.0	380.6	210000	230.39706	73.364555	605.211	-612.86224	-233.17853	94.54037	2265.4011561870575
43	106.22727	178.96407	290.87375	-334.39163	152.19052	116.59387	256.7833	-26.603064	489.9	217.4	215000	221.67763	70.54938	532.5987	-430.8192	-224.41722	87.544815	2316.394159078598
44	-52.782322	156.58733	226.00488	-267.81467	20.131569	148.31026	246.00327	-218.22623	735.2857	445.1	220000	210.9063	68.02349	552.6753	-408.313	-213.41412	85.80443	2364.3442401885986
45	-93.79358	179.25607	258.4858	-350.5	46.601524	153.20808	253.90778	-234.30293	516.875	378.6	225000	199.14017	65.480865	494.95694	-401.87802	-201.47694	75.764915	2404.442365884781
46	68.73323	146.44957	229.73628	-179.97629	101.981064	100.44485	234.23157	-2.5806901	543.9	790.9	230000	187.76617	62.643616	461.64438	-405.9911	-190.00642	71.295456	2461.319634914398
47	65.27878	154.9501	233.4504	-225.80885	81.54619	110.3643	258.89172	-31.53707	493.36365	618.3	235000	175.52658	60.667046	444.78345	-399.3795	-177.6374	67.16889	2522.68367600441
48	0.16284816	125.07509	236.7109	-200.79332	-2.7667434	152.16173	226.457	-208.38913	421.75	234.2	240000	163.78244	57.262608	428.52292	-411.65894	-165.68645	57.23302	2571.539866924286
49	23.020393	105.10706	172.008	-200.2922	10.126099	214.14055	247.21036	-292.74158	585.75	460.6	245000	152.60533	56.34431	420.17795	-342.07846	-154.45895	53.408752	2620.3149440288544
50	66.1312	151.79733	269.98645	-280.9476	53.535164	137.6166	255.0269	-152.288	440.83334	663.7	250000	144.75252	54.287766	404.94537	-290.1539	-146.66058	49.64457	2686.6388630867004
51	41.98957	123.30703	250.334	-184.3052	54.762733	130.45308	288.10074	-102.69877	357.92307	316.9	255000	139.4263	53.71096	459.61328	-339.80594	-141.3024	50.135174	2735.785497188568
52	169.09883	80.26333	269.89343	24.57048	139.30318	77.62362	238.6517	4.1810017	480.18182	745.8	260000	134.54895	54.384064	380.0221	-325.0667	-136.47523	45.24332	2788.495496034622
53	167.2048	96.139175	276.5965	-6.363035	124.53481	121.14624	249.45903	-150.77625	475.1	417.5	265000	131.14456	54.60938	399.59546	-289.99518	-132.95677	45.420177	2827.0935809612274
54	90.94298	157.62398	265.90765	-182.24004	48.56127	112.95612	231.07013	-105.2421	533.9	565.2	270000	127.28727	54.071514	410.70508	-291.7871	-129.1341	44.535507	2883.8651609420776
55	168.3506	115.109726	290.04343	-43.659897	171.54214	82.27153	268.75272	-25.48621	364.84616	483.9	275000	125.50387	51.884262	402.83023	-319.91464	-127.313736	40.920147	2927.0062561035156
56	143.28647	145.05147	275.30307	-169.17989	144.56792	155.04353	291.51492	-164.51163	291.33334	282.6	280000	124.22916	49.5747	375.62442	-367.5105	-126.01945	42.359287	2961.3600749969482
57	164.19032	97.65601	275.62457	5.257797	246.4458	39.15091	288.15677	152.20782	268.8889	365.3	285000	122.36688	48.25975	360.6958	-305.41608	-124.0856	38.957222	2996.732017993927
58	117.90213	157.10236	285.36084	-229.8662	133.67493	110.35832	265.15442	-21.086798	535.875	321.2	290000	120.57194	47.181396	345.5876	-392.81436	-122.29565	36.928627	3036.276146888733
59	149.07257	120.098274	306.748	-21.254925	144.44473	109.30091	276.7235	-3.6226327	358.375	329.2	295000	119.6136	45.7603	339.22714	-598.61615	-121.31609	37.877815	3076.774941921234
60	202.82516	137.21603	284.71738	-169.1537	116.8464	134.87407	231.63582	-175.1291	493.8889	532.7	300000	118.89327	45.465855	384.21988	-610.05975	-120.61015	40.1854	3122.410117149353
61	4.65549	208.67963	279.19006	-267.84854	119.22738	195.47305	303.6966	-148.79376	513.8182	411.7	305000	119.5858	44.33086	366.09302	-340.30612	-121.318054	38.231358	3169.801937818527
62	98.40969	168.22046	296.74045	-159.47481	127.84453	160.34985	256.2947	-161.83	551.7778	645.0	310000	120.35039	44.825554	340.61182	-366.21097	-122.11194	36.743404	3218.5007359981537
63	141.5791	133.14336	246.42477	-86.0449	121.18302	136.32413	286.8211	-67.83257	710.0	579.8	315000	119.46395	43.81686	339.0327	-419.4451	-121.04803	37.078564	3268.7304470539093
64	95.31455	143.32492	233.92982	-90.64055	146.85265	121.48483	258.58945	-72.21585	660.1429	483.0	320000	116.06957	44.573296	287.3889	-497.5289	-117.6006	34.56505	3318.689623117447
65	115.94186	107.397835	263.0377	-53.962082	187.05315	116.51293	271.5963	-96.95366	787.1429	436.5	325000	111.30194	44.75029	340.6716	-627.0955	-112.70228	33.351276	3385.2348217964172
66	206.26753	76.48673	259.18585	-14.167559	121.21737	142.42546	266.1816	-75.184715	370.5	551.5	330000	106.50907	44.69001	320.37198	-548.16876	-107.968834	35.074444	3440.8121449947357
67	-14.279723	71.07007	122.43226	-77.08961	94.96568	178.16426	277.1754	-233.18541	687.75	490.5	335000	105.39789	44.52444	346.61075	-492.9049	-106.8773	32.745434	3494.077791929245
68	66.191956	128.80579	269.27313	-119.76557	53.7558	260.11118	282.8316	-517.0699	720.0	363.5	340000	103.7383	44.8982	326.20526	-514.7782	-105.21413	33.39646	3534.9955151081085
69	235.27931	46.26523	283.1662	135.68451	197.68347	34.192547	265.5	161.72926	398.33334	607.9	345000	102.64897	43.524982	318.9273	-562.7368	-104.03419	34.091522	3580.2556619644165
70	161.39716	126.2644	258.22583	-86.66519	210.46294	130.69498	308.25122	-87.36501	487.5	348.6	350000	100.551704	42.75302	351.29297	-566.8785	-101.89034	32.045616	3624.940181016922
71	156.72424	161.9677	290.44412	-286.408	8.094089	186.6405	292.23395	-361.06415	253.09525	169.2	355000	99.28396	42.145664	442.66754	-530.39514	-100.69795	31.051008	3663.6218390464783
72	190.11572	109.83522	297.3716	6.236686	222.79175	82.209465	297.9386	-13.830011	221.21739	262.4	360000	101.1335	41.104263	365.45407	-507.0796	-102.62888	30.384212	3725.407608985901
73	174.59784	114.4128	273.18762	-125.079475	244.74161	31.43985	268.93634	178.02762	546.44446	328.4	365000	102.2419	41.736282	351.4115	-594.5126	-103.681435	31.291264	3768.212774991989
74	124.7858	130.02168	264.75	-203.6205	230.12314	51.34739	277.73758	109.486984	326.26666	388.9	370000	101.395515	41.15684	362.7482	-530.3622	-102.73114	29.745632	3810.4864139556885
75	167.94351	87.00517	264.07864	38.7998	196.02899	106.37908	281.9342	15.376481	461.18182	240.8	375000	100.37233	39.973698	379.34924	-511.765	-101.71504	30.58511	3861.2707240581512
76	119.10087	119.17157	295.74655	-28.963972	187.36832	92.83921	283.75702	-7.205447	186.14815	280.3	380000	99.36519	40.07891	356.28436	-365.43924	-100.717354	29.250305	3902.0852329730988
77	188.84174	103.924675	296.52362	2.1969695	192.15955	103.074394	289.37634	26.406847	200.92	284.4	385000	99.45903	39.301414	316.98007	-385.78308	-100.82084	29.961315	3936.891482114792
78	206.40123	95.78215	290.30594	1.6723236	155.79861	124.88367	295.16388	-72.41774	277.66666	488.9	390000	100.45462	39.362617	285.41785	-358.74002	-101.87858	32.0686	3974.836086034775
79	158.86449	141.79227	306.93112	-162.35385	249.49007	41.014553	308.69485	188.43875	352.2143	221.2	395000	101.22697	39.316837	288.07544	-425.36508	-102.61524	26.365454	4006.613739967346
80	243.47142	45.267235	310.28964	141.4742	266.40482	16.071339	291.122	240.44588	291.88235	307.4	400000	102.29738	39.313564	294.2117	-425.821	-103.6954	28.62066	4040.368465900421
81	188.79716	93.0436	266.8825	14.0872555	219.15247	73.5748	296.63162	30.817633	504.1	392.1	405000	102.69733	39.872875	273.8871	-424.6566	-104.06819	27.959446	4078.311751842499
82	218.38292	96.910515	300.40613	22.170853	241.67342	81.42597	289.00305	1.648241	223.40909	168.1	410000	103.17544	39.89186	264.3052	-356.59454	-104.56573	28.259207	4109.882338047028
83	245.03046	62.929607	292.6629	20.169643	263.18622	14.642936	291.04385	242.47183	339.46667	317.9	415000	103.711136	40.564453	261.89935	-299.9266	-105.09236	27.712801	4149.256150960922
84	192.37563	163.34364	283.80948	-404.03476	232.0657	64.64797	280.18036	43.713943	277.0	235.9	420000	103.69452	40.824684	261.58545	-308.94507	-105.04263	28.107643	4197.958010196686
85	144.58493	107.02984	249.99043	-74.90817	9.845065	133.39249	177.82967	-154.3501	418.63635	704.6	425000	102.5779	40.649338	271.83453	-331.3326	-103.85752	27.197367	4252.871717214584
86	149.32799	125.172806	254.22139	-118.0498	144.52963	176.12263	269.3158	-342.8712	436.30768	428.4	430000	100.63482	39.263645	273.4679	-383.351	-101.9029	28.979801	4304.877104043961
87	197.59377	107.35845	282.0476	-87.6637	206.28682	93.59546	293.2728	3.2309983	463.9091	209.2	435000	99.85398	38.7662	314.58347	-377.83566	-101.12828	25.725193	4342.386213064194
88	227.29674	107.74949	302.26068	-59.57942	207.52632	115.419785	293.35336	-64.56652	351.0	288.6	440000	100.18814	39.850838	346.77713	-389.40805	-101.47096	25.677614	4396.613264799118
89	255.0877	32.597195	292.07294	146.06918	269.49988	10.941352	282.36383	250.05823	319.375	311.9	445000	100.69077	39.92678	363.56186	-285.20053	-102.012054	25.463037	4438.013792037964
90	213.36955	151.6253	287.16272	-257.59573	272.64636	13.420279	287.73734	239.08704	225.89473	276.0	450000	101.29786	39.722248	406.59326	-323.5571	-102.59456	25.894375	4472.433442115784
91	257.15033	23.760162	297.3496	185.2199	261.69455	15.107607	280.9622	233.33908	313.83334	245.8	455000	101.036156	40.644886	446.82147	-413.33362	-102.30824	27.067022	4512.191951036453
92	250.24406	21.68494	287.38715	210.13374	225.20059	51.38997	278.7492	122.98507	305.5	365.0	460000	101.4358	41.030525	457.71808	-362.46948	-102.72586	26.155323	4547.318693161011
93	210.92766	93.593544	281.7782	-72.82048	246.78915	34.236126	287.2031	177.10413	285.5	297.1	465000	101.107346	42.393986	429.90173	-392.16794	-102.36393	26.182745	4593.469722032547
94	230.43134	53.36627	285.6231	113.228165	174.74715	147.60025	289.57108	-160.07019	370.15384	411.4	470000	100.92418	42.061207	399.8554	-352.5564	-102.215	26.254688	4641.314230918884
95	212.922	125.02797	296.55377	-194.60338	216.99338	121.59352	307.3259	-45.722263	211.0	332.6	475000	101.459274	41.82489	382.44727	-321.55038	-102.74458	26.205494	4683.97275018692
96	241.99632	41.830074	303.80273	138.39984	269.75305	18.44112	299.80545	237.67697	386.30768	175.6	480000	102.50642	41.798943	369.12482	-345.72314	-103.826385	27.356165	4717.906836986542
97	238.3901	77.69897	311.42908	24.700584	248.73894	33.85618	291.89084	193.04987	317.375	214.7	485000	102.58732	40.535248	378.76855	-408.3387	-103.80514	26.726097	4760.207544088364
98	242.92555	64.733116	315.13983	12.430006	257.32892	16.910637	287.3437	229.52733	239.04762	309.2	490000	101.211845	39.317215	389.7297	-435.1116	-102.380455	24.737076	4795.405902147293
99	243.27097	59.524086	304.79355	27.972809	274.40732	20.839367	311.87408	254.39804	263.77777	198.6	495000	99.87227	38.741657	388.3262	-416.0828	-101.041336	23.08489	4829.6683230400085
