Epoch	AverageEpRet	StdEpRet	MaxEpRet	MinEpRet	AverageTestEpRet	StdTestEpRet	MaxTestEpRet	MinTestEpRet	EpLen	TestEpLen	TotalEnvInteracts	AverageQVals	StdQVals	MaxQVals	MinQVals	LossPi	LossQ	Time
1	-1179.8658	265.35562	-758.8656	-1714.2941	-143.10565	133.04456	-1.6125112	-361.71298	200.0	200.0	5000	-54.325462	35.41326	15.724191	-149.67328	52.61095	17.444576	31.237682104110718
2	-1309.789	191.1037	-1021.5587	-1754.4226	-502.12384	380.05023	-118.397705	-1008.337	200.0	200.0	10000	-97.33637	52.59811	55.65173	-233.09302	92.85057	59.568924	63.2896831035614
3	-245.99623	338.4613	-1.5860239	-1611.766	-132.66797	63.31358	-2.5996413	-239.6292	200.0	200.0	15000	-68.67491	74.91532	65.82852	-237.17183	64.0249	52.07828	92.46813702583313
4	-125.48866	82.728745	-0.98409337	-330.23404	-127.92122	85.604355	-1.8377844	-303.28424	200.0	200.0	20000	-32.916332	72.28196	56.540848	-237.27588	29.578457	31.294775	121.3068151473999
5	-193.17499	79.91392	-115.98552	-350.68604	-164.5502	92.21668	-0.33517513	-342.43375	200.0	200.0	25000	-22.20836	66.400276	56.311478	-218.90208	19.79553	23.218956	151.47526001930237
6	-155.50511	81.0286	-0.04199854	-310.48734	-133.90817	83.08672	-1.1904335	-250.35567	200.0	200.0	30000	-20.719318	63.01244	41.5754	-220.11761	18.835388	21.206577	180.39523005485535
7	-130.08598	92.2805	-1.3399316	-246.94057	-175.24265	76.76142	-120.837975	-354.01254	200.0	200.0	35000	-21.325615	60.53648	34.18281	-228.89409	19.779482	18.598352	210.23726797103882
8	-163.79456	89.472305	-3.0259883	-372.55338	-104.99229	49.213398	-6.635435	-133.93704	200.0	200.0	40000	-22.819857	58.13326	25.98727	-234.08919	21.476696	17.250957	240.50754809379578
9	-152.47034	103.21222	-0.7860629	-365.59717	-143.66257	68.74301	-2.2352514	-236.60854	200.0	200.0	45000	-23.499744	57.329174	18.909256	-237.35039	22.283121	15.743544	272.5327079296112
10	-147.99277	88.06449	-1.2166502	-379.21313	-127.75725	115.66394	-9.934384	-356.21042	200.0	200.0	50000	-22.906212	56.814342	16.295738	-245.29782	21.784447	16.000744	307.91840386390686
11	-122.532684	71.85106	-4.5402074	-257.9087	-121.8819	98.21865	-5.6744485	-328.5809	200.0	200.0	55000	-22.029123	55.759113	16.945951	-247.14005	21.014618	12.896567	345.45842695236206
12	-130.32024	70.618774	-1.1092529	-249.6926	-118.37118	61.70249	-10.300253	-232.45796	200.0	200.0	60000	-21.084234	54.266552	15.377803	-247.42189	20.139637	14.276434	384.3466260433197
13	-145.60431	63.376514	-7.047386	-254.83064	-111.951965	84.73333	-0.52481234	-247.98965	200.0	200.0	65000	-19.627893	52.457405	13.744437	-244.80334	18.765442	12.431513	415.50032114982605
14	-154.6328	101.841125	-0.99785024	-368.6276	-171.05855	74.87626	-5.5287514	-247.87572	200.0	200.0	70000	-19.300138	51.521	13.451968	-243.83119	18.494837	11.9631605	447.25718688964844
15	-136.55627	75.33637	-3.103022	-245.9105	-152.89041	89.97518	-0.9774876	-236.00023	200.0	200.0	75000	-18.798885	50.860703	13.845323	-249.04196	18.038921	10.623467	478.75969314575195
16	-118.01856	86.30114	-0.7870908	-253.85934	-144.59412	86.29846	-0.9425762	-243.5626	200.0	200.0	80000	-18.255203	50.296986	12.815864	-252.625	17.542194	10.166564	509.0060820579529
17	-161.23553	87.27457	-1.3458245	-345.53076	-128.4391	95.42875	-0.7715308	-240.21034	200.0	200.0	85000	-17.653036	49.05612	12.38767	-250.55869	16.979353	10.519077	538.9390358924866
18	-111.53906	64.45423	-0.7849873	-229.78598	-121.82401	88.85637	-3.646281	-244.92027	200.0	200.0	90000	-17.564169	48.265053	11.802319	-248.95702	16.951956	10.070413	569.3578481674194
19	-145.22913	97.57461	-3.4117448	-360.18137	-143.17877	78.5316	-8.160122	-325.42224	200.0	200.0	95000	-15.236409	48.704964	13.624271	-255.50131	14.480205	8.007411	608.7179999351501
20	-151.20038	66.00008	-3.0767915	-249.26866	-183.42055	94.08355	-4.1277514	-315.48175	200.0	200.0	100000	-14.075503	47.89043	12.613498	-260.63693	13.496678	9.628248	652.9680421352386
21	-142.54442	79.54308	-1.5546485	-360.20004	-180.30803	77.44294	-118.966576	-349.7176	200.0	200.0	105000	-14.830266	46.50209	11.160614	-252.188	14.306253	8.686086	686.9130210876465
22	-138.99165	77.75079	-2.335722	-335.81808	-197.65034	59.94106	-120.82226	-255.28725	200.0	200.0	110000	-15.335703	45.696026	10.271987	-257.6577	14.839941	8.181869	721.8004281520844
23	-168.1533	72.55012	-1.2266327	-254.9716	-144.51534	88.30042	-0.94645864	-248.38388	200.0	200.0	115000	-16.004753	45.41322	8.787652	-259.00784	15.526431	8.075317	753.3565919399261
24	-159.17659	74.68962	-1.3426946	-255.50714	-120.714554	52.55609	-1.5656849	-236.1247	200.0	200.0	120000	-16.33727	44.835968	7.8899794	-257.45258	15.8688345	7.022536	788.5583009719849
25	-137.70274	83.976746	-1.1420792	-259.95435	-143.55202	86.4077	-1.0717767	-240.40643	200.0	200.0	125000	-16.072315	44.857437	7.436798	-257.43024	15.57925	6.9204936	821.5968551635742
26	-140.90927	86.98707	-1.0514712	-268.72626	-140.07874	83.29061	-1.474493	-229.1913	200.0	200.0	130000	-15.235235	44.51827	12.394529	-258.45	14.779725	8.052685	852.5747301578522
27	-157.21278	99.42561	-1.7008135	-330.56192	-179.06839	81.01858	-118.037415	-371.41	200.0	200.0	135000	-14.56067	43.917423	9.190861	-256.0445	14.117178	7.1165047	882.9302990436554
28	-169.00691	82.21447	-0.9079613	-369.5753	-133.94113	62.486576	-1.6110226	-247.17027	200.0	200.0	140000	-14.195539	43.757263	9.557795	-255.19638	13.757978	6.722482	913.6548480987549
29	-128.96439	71.883156	-3.4598815	-252.36519	-180.77318	76.626816	-118.2202	-345.68042	200.0	200.0	145000	-13.784822	43.54737	14.385866	-256.58224	13.35563	6.1750736	944.9821419715881
30	-152.61877	76.42985	-2.277525	-352.9746	-134.80157	62.93027	-2.689676	-239.16081	200.0	200.0	150000	-13.350771	43.412003	9.099251	-255.1462	12.927231	5.7639203	977.0731751918793
31	-149.6413	81.94416	-2.8394406	-355.52515	-132.97118	32.282158	-116.504425	-229.41212	200.0	200.0	155000	-13.139967	43.13077	10.549254	-256.1594	12.74568	5.3608327	1008.3816380500793
32	-124.959274	83.60734	-1.2170352	-362.61633	-98.2272	89.42348	-1.8594191	-256.16577	200.0	200.0	160000	-13.256671	42.863438	8.450328	-254.39226	12.893604	5.7902446	1039.4439330101013
33	-169.64824	77.92216	-0.9296076	-330.68997	-191.43275	78.046814	-116.51381	-362.79807	200.0	200.0	165000	-13.185127	42.739456	9.889272	-258.34848	12.811505	5.5659666	1070.010344028473
34	-149.61348	64.49531	-6.89485	-326.92505	-209.28867	75.94887	-123.468834	-335.65482	200.0	200.0	170000	-12.836026	42.543118	10.494553	-259.5386	12.47094	5.6457195	1100.022511959076
35	-166.07364	80.374664	-0.4251946	-322.91104	-120.21226	52.989002	-1.307319	-237.90059	200.0	200.0	175000	-13.034163	42.35303	12.217864	-257.86374	12.702603	4.984318	1130.5922310352325
36	-152.64085	87.649925	-0.74924815	-339.78336	-144.87082	88.704216	-10.271055	-293.60254	200.0	200.0	180000	-13.339238	42.092155	9.23631	-255.12895	13.01671	5.091288	1161.0171780586243
37	-129.32304	87.54439	-0.58521533	-356.1484	-155.86191	102.03988	-2.3354728	-320.80774	200.0	200.0	185000	-13.728319	41.956688	5.999283	-259.32828	13.409263	4.3186	1191.071846961975
38	-149.39594	81.677284	-2.126057	-248.03732	-98.9025	89.86065	-2.0837352	-243.3112	200.0	200.0	190000	-13.886198	41.705578	4.799737	-260.28873	13.581767	4.684705	1221.3470640182495
39	-145.66704	66.19329	-1.5267155	-290.32416	-111.07749	65.60437	-1.6395025	-247.16159	200.0	200.0	195000	-13.886459	41.617798	6.019533	-262.8144	13.590906	4.5171685	1252.0970311164856
40	-123.96508	61.588295	-1.4596221	-257.39563	-128.28574	90.02852	-1.2299913	-327.2391	200.0	200.0	200000	-13.949469	41.298527	6.004451	-266.0887	13.654186	4.853302	1282.2946949005127
41	-178.47177	91.42386	-9.613921	-376.32407	-165.31738	92.635765	-2.4109712	-257.86115	200.0	200.0	205000	-6.981056	43.162113	24.87541	-260.1169	6.1510153	5.1079392	1312.8787770271301
42	-110.68568	60.536385	-3.675913	-244.26562	-134.64558	90.38488	-8.354554	-323.88715	200.0	200.0	210000	2.0231645	43.795006	34.39769	-262.08072	-2.8034682	6.15135	1343.141443014145
43	-151.87357	76.31578	-1.3035	-343.745	-96.69255	46.303185	-2.929759	-126.34747	200.0	200.0	215000	6.743878	42.620205	29.254032	-256.0596	-7.307333	6.070432	1373.4145910739899
44	-159.33847	72.78709	-5.3282104	-378.76935	-98.91536	71.89394	-2.8871121	-242.90804	200.0	200.0	220000	3.2228012	40.67442	25.18346	-248.11894	-3.5265589	5.382029	1403.6648740768433
45	-161.28975	106.13902	-1.6911306	-366.78906	-169.37262	76.19699	-117.93778	-354.17047	200.0	200.0	225000	-1.5303217	40.0586	21.225815	-248.02747	1.2320008	4.53587	1434.1515469551086
46	-145.63754	96.03335	-0.25929216	-361.78687	-147.9228	74.025665	-5.2709503	-261.3067	200.0	200.0	230000	-4.7485285	39.9633	15.484838	-251.6671	4.458168	3.7904491	1463.5451028347015
47	-144.91478	70.98548	-2.3231263	-243.11165	-143.57195	69.43867	-2.8378716	-246.97627	200.0	200.0	235000	-6.8683114	39.82894	13.249747	-252.44238	6.5635314	4.264288	1494.1515650749207
48	-147.53754	86.66748	-1.5970049	-339.05942	-159.1323	96.43978	-2.3231914	-377.65283	200.0	200.0	240000	-8.151254	39.98022	9.608571	-252.23167	7.868633	3.948386	1524.720426082611
49	-162.04701	78.42044	-4.064346	-344.53607	-148.60086	51.751163	-116.91085	-253.58543	200.0	200.0	245000	-9.295226	39.681843	11.428383	-257.79938	9.023956	3.6342087	1555.1649560928345
50	-158.4705	78.435616	-0.4449194	-276.34177	-161.53352	49.308205	-125.05995	-241.28603	200.0	200.0	250000	-10.007196	39.239098	9.943006	-255.31714	9.695894	4.9594064	1585.97762799263
51	-143.8796	75.86386	-2.406105	-249.6887	-145.15158	42.885216	-119.023056	-232.58981	200.0	200.0	255000	-9.040799	39.87821	14.333752	-255.06715	8.719443	3.5590258	1616.3747310638428
52	-152.24164	85.24567	-1.8583992	-331.4124	-83.211174	74.06413	-0.09736723	-228.31287	200.0	200.0	260000	-9.564117	39.651447	9.312919	-252.56319	9.319103	3.8412726	1646.7738120555878
53	-145.62642	68.63175	-2.8618412	-277.4594	-147.48868	49.98298	-118.09969	-258.64926	200.0	200.0	265000	-10.591528	39.271538	8.824293	-253.9164	10.352747	3.3513055	1676.781723022461
54	-137.26984	92.2715	-1.5405852	-375.74527	-160.22697	76.63055	-4.850681	-259.92365	200.0	200.0	270000	-11.638034	39.188248	9.154628	-256.8149	11.417047	4.0508914	1707.2370691299438
55	-176.94885	67.917564	-10.651659	-309.4237	-145.22964	85.049576	-7.2867575	-353.4197	200.0	200.0	275000	-11.640283	39.555992	9.124067	-261.26837	11.359248	3.334102	1737.8866472244263
56	-155.45757	82.65082	-6.8037343	-358.28992	-134.7124	61.72947	-7.2709613	-245.11356	200.0	200.0	280000	-10.537901	39.518368	8.804705	-261.83932	10.263032	3.6363015	1768.205223083496
57	-176.52129	100.76085	-5.690714	-371.82068	-99.33611	54.6484	-15.431617	-139.0194	200.0	200.0	285000	-10.360835	39.37044	7.260132	-258.2234	10.084165	3.57291	1798.7962529659271
58	-165.35393	167.18822	-0.104455985	-877.17096	-165.17183	59.519882	-113.27667	-254.7131	200.0	200.0	290000	-8.994074	39.77227	8.075086	-260.40308	8.697324	3.6058223	1828.0808510780334
59	-159.80319	85.579124	-0.46638408	-305.84244	-190.74757	85.58254	-117.5127	-391.94437	200.0	200.0	295000	-9.740597	39.02108	10.815138	-260.02884	9.534882	3.7889383	1858.7184898853302
60	-127.75748	72.60211	-0.87980425	-239.03171	-148.78625	94.232925	-1.7228818	-293.338	200.0	200.0	300000	-10.86232	38.877777	8.612782	-261.20224	10.657122	3.015483	1889.1582670211792
61	-145.75224	89.9296	-0.38823706	-367.9277	-169.50096	105.38472	-4.6361103	-357.98248	200.0	200.0	305000	-11.727045	38.875305	5.614588	-261.1961	11.529468	3.2415442	1919.9122750759125
62	-152.13318	80.43047	-1.6484417	-355.72937	-154.22456	52.822693	-116.92461	-241.41055	200.0	200.0	310000	-12.163283	38.808395	5.9200926	-264.46716	11.968831	3.2099032	1950.6582880020142
63	-143.54675	83.73093	-0.9258638	-303.79224	-142.79419	86.532005	-1.3202947	-241.81392	200.0	200.0	315000	-12.396458	38.57596	5.4513	-260.08957	12.19507	3.0588987	1981.2890481948853
64	-184.21764	79.66655	-1.6118338	-360.9085	-181.40999	60.685997	-117.282135	-273.42432	200.0	200.0	320000	-12.512389	38.70767	4.9564533	-268.8708	12.312906	3.481165	2011.8188948631287
65	-173.48651	94.14471	-3.0306132	-336.74298	-114.39207	34.99301	-9.870338	-133.95364	200.0	200.0	325000	-12.343226	38.601837	4.5917177	-271.33722	12.12618	3.6123807	2042.4357352256775
66	-164.32368	78.82299	-8.48184	-258.24146	-118.91609	61.729717	-12.043598	-236.59828	200.0	200.0	330000	-12.170796	38.660183	6.2879257	-267.65594	11.9570875	3.3360617	2072.8506319522858
67	-139.11353	68.16769	-2.4734118	-339.06424	-157.30046	75.28758	-4.9139414	-249.50653	200.0	200.0	335000	-11.988229	38.65049	8.558698	-267.5685	11.786274	3.1739547	2103.0345091819763
68	-146.60368	95.51822	-0.8348453	-390.39493	-117.28658	87.37201	-0.95489764	-232.84627	200.0	200.0	340000	-12.148996	38.29413	5.415062	-268.39502	11.954699	2.239081	2133.7039670944214
69	-121.894455	67.47785	-1.387711	-270.68628	-154.24414	91.45423	-0.889665	-355.04486	200.0	200.0	345000	-12.33128	38.370537	7.024535	-265.23022	12.13122	2.7265399	2164.2465510368347
70	-179.72125	58.907707	-116.89347	-294.56647	-161.22037	73.97968	-1.2078035	-235.3914	200.0	200.0	350000	-12.300944	38.34025	5.2637353	-263.81216	12.111022	2.877581	2194.9174659252167
71	-129.82404	72.325035	-0.19066498	-241.28185	-188.93584	56.34772	-117.30698	-250.03554	200.0	200.0	355000	-12.210131	37.96904	4.9435563	-263.8805	12.023092	2.8933766	2226.343920946121
72	-147.15099	67.92893	-0.545457	-253.85406	-130.38545	81.40736	-0.65503865	-252.80728	200.0	200.0	360000	-12.334773	38.11629	5.849553	-261.10226	12.157997	3.0061522	2256.838165998459
73	-140.29706	93.44304	-1.2208488	-370.0122	-173.16827	63.690304	-115.21392	-288.32288	200.0	200.0	365000	-12.357733	37.69392	5.4277983	-263.23447	12.182389	3.057482	2287.814852952957
74	-124.43928	91.20327	-0.14729047	-300.70526	-165.38437	55.209938	-116.894005	-243.20723	200.0	200.0	370000	-12.02004	37.977478	8.393782	-265.3314	11.771491	3.061526	2318.4937710762024
75	-147.24992	74.423454	-2.9412057	-252.22723	-159.04674	123.29918	-1.2688481	-375.52637	200.0	200.0	375000	-9.961773	38.197475	10.807895	-264.7471	9.736678	2.824641	2349.021502017975
76	-153.66217	84.77029	-0.75552464	-347.39667	-119.10478	72.53387	-2.5805726	-237.13496	200.0	200.0	380000	-10.315403	37.82824	7.973227	-258.43347	10.138487	3.3097386	2379.934704065323
77	-156.91972	77.951836	-0.9783174	-247.50693	-108.66527	63.103504	-1.6159296	-234.7532	200.0	200.0	385000	-10.825142	37.621742	5.626363	-264.61835	10.648736	2.908482	2411.1940219402313
78	-160.75383	77.833115	-4.7952714	-374.1477	-173.66995	75.06005	-2.9066935	-234.57303	200.0	200.0	390000	-11.080481	37.744408	6.900933	-264.06427	10.898308	2.3794417	2442.1084020137787
79	-137.91638	73.40398	-2.4002175	-286.7561	-122.60502	48.599915	-6.2184157	-222.57123	200.0	200.0	395000	-11.158048	37.378017	6.029327	-263.83755	10.967489	3.166737	2473.174936056137
80	-148.01068	86.57769	-1.3610262	-351.0295	-132.28067	81.82725	-1.8576688	-247.79091	200.0	200.0	400000	-10.402333	37.02509	8.462138	-264.10303	10.179927	2.8049202	2504.0988931655884
81	-142.52362	71.26656	-0.4740036	-309.51935	-157.55392	77.903854	-2.941844	-259.77832	200.0	200.0	405000	-10.672913	37.24103	12.289358	-263.20328	10.491171	2.1591027	2534.975250005722
82	-165.14664	81.473854	-3.6619828	-366.72177	-120.10465	88.41538	-4.6941757	-242.47725	200.0	200.0	410000	-9.867216	37.244514	13.4994755	-260.85803	9.620474	2.9362981	2565.936490058899
83	-154.28023	76.77002	-3.6708794	-259.3043	-174.73448	52.567715	-117.301605	-236.44179	200.0	200.0	415000	-9.779587	37.62463	9.173542	-262.38635	9.5866785	2.7799811	2597.308441877365
84	-116.121155	83.47538	-1.0059031	-249.75987	-189.4241	55.058342	-119.34296	-240.357	200.0	200.0	420000	-9.774108	37.103733	7.372607	-263.2966	9.607067	2.3751009	2628.240252017975
85	-159.87077	89.41443	-5.208591	-343.57632	-138.60974	49.52585	-24.484581	-245.21324	200.0	200.0	425000	-9.755343	37.14964	11.163784	-267.30386	9.552112	2.8266833	2659.285989999771
86	-161.97456	94.56507	-0.60311717	-370.13663	-162.95212	83.58066	-2.8389537	-296.767	200.0	200.0	430000	-9.496263	37.338795	9.407165	-265.33118	9.29905	2.8280516	2690.104336977005
87	-117.38627	86.88785	-0.5396019	-283.79294	-131.86801	83.18577	-1.4073452	-267.2672	200.0	200.0	435000	-9.509411	37.19187	8.158115	-264.00937	9.319845	2.5766706	2721.2682042121887
88	-167.47198	64.26918	-3.027086	-262.97586	-143.57124	40.84586	-115.81568	-225.46518	200.0	200.0	440000	-10.092815	37.003075	7.0218844	-269.37415	9.94488	2.6388958	2752.197394132614
89	-128.67139	78.82573	-1.3021557	-249.89354	-129.79434	80.836914	-2.2489994	-239.49957	200.0	200.0	445000	-10.097389	37.075726	5.701776	-267.47433	9.89385	2.4231703	2783.1029069423676
90	-149.26797	90.92952	-2.6211035	-366.46295	-162.61229	53.71317	-116.22259	-235.33835	200.0	200.0	450000	-10.199946	37.351925	5.222533	-266.6518	10.037305	1.9395242	2814.528084039688
91	-162.1745	76.59388	-2.0009274	-354.73434	-150.89453	96.460754	-2.9737573	-314.02936	200.0	200.0	455000	-10.877098	37.335884	4.6910324	-267.5535	10.737263	2.522742	2845.3412539958954
92	-126.609695	86.11064	-0.6236694	-368.12607	-153.54535	51.736496	-114.58723	-233.74393	200.0	200.0	460000	-11.508026	37.223484	4.3662343	-263.48743	11.369775	2.1809337	2875.765707015991
93	-155.47177	83.35977	-1.4794176	-343.86597	-131.32886	97.19181	-2.2470057	-246.68806	200.0	200.0	465000	-11.626941	37.069813	8.177116	-265.15317	11.47914	2.2072191	2907.2504630088806
94	-137.81834	108.83634	-1.2305803	-360.93634	-144.68356	69.174706	-3.4002988	-244.53842	200.0	200.0	470000	-11.665518	37.06812	5.0024695	-268.31262	11.515874	2.0382948	2938.9385879039764
95	-161.18906	70.07502	-4.5376296	-243.69829	-153.37909	73.36607	-1.3949814	-243.52621	200.0	200.0	475000	-11.581802	36.746902	4.0643263	-265.69046	11.424827	2.4049923	2970.2570900917053
96	-191.0724	88.85883	-1.4634576	-371.432	-193.57571	65.31028	-117.453705	-315.85983	200.0	200.0	480000	-11.42439	36.849102	3.494297	-269.74725	11.261359	2.3375313	3001.437194108963
97	-155.008	97.18898	-1.3889637	-347.02985	-166.90378	77.90917	-1.8811798	-242.82643	200.0	200.0	485000	-11.371279	36.69437	3.9570143	-265.99435	11.223488	2.6679714	3033.1667370796204
98	-169.15869	71.39126	-0.96214	-329.02655	-165.19344	76.907036	-1.6396679	-243.7114	200.0	200.0	490000	-11.552967	36.787098	4.8134885	-265.94025	11.409206	2.139391	3063.9053258895874
99	-125.599754	77.14474	-1.6921853	-333.34497	-134.3931	81.60525	-2.8500009	-242.18036	200.0	200.0	495000	-11.576394	36.856422	4.991094	-262.9602	11.425372	2.5481975	3095.2064170837402
