Epoch	AverageEpRet	StdEpRet	MaxEpRet	MinEpRet	AverageTestEpRet	StdTestEpRet	MaxTestEpRet	MinTestEpRet	EpLen	TestEpLen	TotalEnvInteracts	AverageQ1Vals	StdQ1Vals	MaxQ1Vals	MinQ1Vals	AverageQ2Vals	StdQ2Vals	MaxQ2Vals	MinQ2Vals	LossPi	LossQ	Time
1	-221.07773	51.24718	-131.62187	-289.33185	-262.6878	45.75609	-184.68492	-334.7332	1000.0	1000.0	5000	1.24841	2.5589435	16.357924	-4.5778785	1.2479352	2.5598786	16.96147	-4.7356014	-2.135503	0.31708378	72.03802514076233
2	-291.82748	25.96471	-250.48859	-327.93784	-434.00015	105.73617	-165.48564	-541.53906	1000.0	1000.0	10000	11.921454	7.113497	39.970783	-3.909998	11.921485	7.1134872	37.838238	-4.017813	-14.215027	1.2490492	145.1186330318451
3	-417.3366	159.69305	-178.42795	-680.11	-163.51367	133.50624	34.727875	-444.78024	1000.0	1000.0	15000	22.679602	8.705224	51.795555	-0.6685435	22.680716	8.703039	51.328182	-1.7367764	-24.397003	2.6222422	215.00006413459778
4	76.84808	350.82968	495.06226	-469.22775	-20.274796	147.88211	323.30817	-193.90485	1000.0	1000.0	20000	23.00307	12.178261	70.41705	1.2895875	23.003242	12.178781	71.03279	0.3525551	-24.154852	2.3659563	292.7388050556183
5	1041.3899	760.12616	2055.1443	195.73917	1789.609	261.6289	2108.3838	1069.2526	1000.0	1000.0	25000	25.042763	18.145344	94.65566	-1.744372	25.04262	18.146189	94.36937	-3.3361254	-26.272732	3.4447777	380.42350697517395
6	2337.5283	443.49652	3102.209	1923.5803	3143.9097	89.66645	3354.9526	3042.7988	1000.0	1000.0	30000	37.85895	28.13405	129.73466	-3.2144694	37.859386	28.133905	129.24223	-3.1832728	-39.481827	5.7177725	465.36910796165466
7	3425.218	331.72958	4001.0127	3098.6008	4073.5286	142.25217	4287.049	3802.059	1000.0	1000.0	35000	57.770016	40.12463	157.36356	-4.5144258	57.77089	40.12442	157.67534	-4.5064836	-59.699276	8.3589735	551.4240479469299
8	3954.741	183.9992	4280.634	3732.5884	4325.5796	95.11423	4434.839	4098.2065	1000.0	1000.0	40000	82.20292	52.254803	195.38994	-3.601015	82.202805	52.255688	190.95908	-4.498161	-84.49744	10.2149315	630.7568168640137
9	4228.907	119.440125	4381.6255	4030.3542	4488.738	112.46667	4717.348	4290.4717	1000.0	1000.0	45000	108.071045	62.655678	219.09286	-0.12371266	108.07122	62.65676	219.51189	-0.46661842	-110.514725	11.708691	713.4777820110321
10	4460.555	140.92662	4621.153	4288.0527	4784.812	58.13967	4856.6846	4672.3955	1000.0	1000.0	50000	134.12585	71.73723	248.28934	1.2354091	134.12582	71.738	251.19167	-2.4310575	-136.53925	13.388018	794.2287950515747
11	4743.004	308.6177	5018.721	4274.705	5213.832	85.36544	5310.596	5017.616	1000.0	1000.0	55000	159.82143	80.037315	282.6069	2.9275503	159.82178	80.03741	278.61862	-0.1147567	-162.57219	15.582516	875.4913680553436
12	4951.361	59.635223	5019.139	4853.538	5340.0005	118.249504	5510.848	5122.5947	1000.0	1000.0	60000	185.09956	87.728226	304.3523	2.549402	185.09944	87.728714	303.9385	1.6024303	-187.58786	17.634407	954.3855681419373
13	5046.3228	175.64946	5210.4316	4716.8994	5372.046	79.44547	5490.674	5248.6123	1000.0	1000.0	65000	208.62791	93.529045	324.3962	6.918718	208.62744	93.530365	323.73734	5.1993113	-211.32805	19.212069	1033.465674161911
14	5132.053	209.15614	5364.1187	4803.64	5333.609	199.11919	5642.487	5061.137	1000.0	1000.0	70000	230.17178	98.4035	346.42142	4.805573	230.17174	98.40469	347.57687	0.063332796	-232.96193	20.24195	1105.5440850257874
15	5094.4907	147.11362	5243.4795	4828.1377	5373.213	110.08251	5534.5366	5174.626	1000.0	1000.0	75000	250.25763	102.3501	365.53088	4.1520967	250.2578	102.35048	367.7706	8.422578	-252.91914	21.049637	1182.5103929042816
16	5234.5327	76.652405	5364.1436	5161.456	5468.201	77.67561	5610.0684	5379.8467	1000.0	1000.0	80000	268.7564	105.258896	381.828	9.896809	268.75632	105.25959	380.21893	9.986993	-271.40964	21.824762	1258.947730064392
17	5347.3726	134.91663	5519.1616	5125.063	5751.8213	80.5016	5853.453	5598.074	1000.0	1000.0	85000	286.42554	106.300385	403.4833	4.377636	286.42563	106.30083	403.63098	5.488396	-289.09262	21.73177	1337.6668128967285
18	5499.787	335.14874	5822.0137	4878.519	4540.4014	1655.5975	6398.1953	1689.1038	1000.0	1000.0	90000	303.62396	106.49533	421.50653	19.912975	303.62424	106.49498	418.73868	20.426027	-306.49414	23.224922	1418.6581299304962
19	4962.1016	1600.4481	5896.145	1766.7538	5640.188	333.8446	6272.0034	5254.1206	1000.0	1000.0	95000	317.1727	110.07214	442.39172	21.922218	317.17258	110.07205	441.505	4.48156	-319.9658	26.908728	1501.7486050128937
20	5224.742	1099.8337	6052.4473	3068.8596	6597.3896	171.61378	6855.674	6357.977	1000.0	1000.0	100000	330.70206	115.166664	458.62277	10.328659	330.70145	115.16873	457.57416	6.636099	-332.8067	30.243187	1576.0249888896942
21	6144.9956	201.60126	6505.3574	5930.665	6674.426	112.068695	6848.376	6490.523	1000.0	1000.0	105000	343.50775	120.279785	476.2437	-6.55933	343.5068	120.28378	478.11737	-14.016624	-346.60638	30.806915	1655.3929979801178
22	6044.5625	294.18307	6612.969	5768.821	6209.824	982.0942	7003.079	3446.7454	1000.0	1000.0	110000	356.9134	124.64965	497.61823	-33.70567	356.9124	124.653114	498.0358	-27.920269	-359.3312	33.352264	1737.9129328727722
23	5697.3345	1014.88043	6357.745	3704.0461	6864.1226	81.65037	6993.4497	6751.1123	1000.0	1000.0	115000	369.0901	129.03893	515.18317	-35.035095	369.08844	129.04411	517.015	-35.56809	-371.6693	37.551975	1813.6439068317413
24	6230.1055	176.78392	6492.302	5937.6196	6105.0044	1178.247	6806.7026	2676.9443	1000.0	1000.0	120000	380.43277	133.66739	521.62354	-72.907776	380.4309	133.6727	522.7838	-77.09486	-382.83786	42.10095	1895.0211749076843
25	6282.5503	376.1377	6668.6143	5790.6494	6363.327	244.77002	6693.1406	5718.8374	1000.0	1000.0	125000	391.919	136.05658	533.89374	-92.672295	391.9177	136.06137	534.7179	-107.998695	-394.3488	42.608643	1973.5855231285095
26	6324.794	391.53983	6565.114	5543.5513	4868.8857	1496.9523	6204.582	1534.7472	1000.0	1000.0	130000	402.26266	138.75789	544.31085	-105.57925	402.2611	138.7643	544.9742	-134.2213	-404.7285	40.250195	2050.72682595253
27	6422.1377	181.11267	6616.268	6081.0493	7191.2866	82.60788	7357.7007	7085.9043	1000.0	1000.0	135000	413.15323	140.9293	553.4675	-113.20189	413.15152	140.9351	554.38763	-133.91397	-415.74435	41.351276	2121.468825817108
28	6545.6875	99.83486	6694.9365	6433.589	6961.017	82.51905	7103.228	6840.9863	1000.0	1000.0	140000	422.76007	143.2589	561.7962	-103.995445	422.7584	143.26321	560.01373	-100.494255	-425.36505	40.42096	2203.849314928055
29	5636.4985	1187.6752	6717.3164	3349.8865	6587.907	146.44356	6849.476	6303.842	1000.0	1000.0	145000	431.83597	145.25238	568.92615	-123.308784	431.83527	145.25616	568.90894	-108.68926	-434.0449	42.052948	2281.516781806946
30	6525.294	176.35342	6714.5806	6215.738	7093.956	103.98026	7295.2183	6890.03	1000.0	1000.0	150000	438.64716	148.05212	574.6613	-147.48811	438.64642	148.05466	574.92145	-139.9722	-440.96594	42.239857	2360.7812719345093
31	6652.9717	105.20064	6845.875	6543.7393	6957.5366	112.688156	7140.4346	6752.547	1000.0	1000.0	155000	447.1206	148.46129	581.81854	-123.191696	447.11966	148.46533	581.5753	-164.43407	-449.9434	42.49302	2443.0043659210205
32	6659.9478	185.64847	6994.88	6470.3745	6942.2705	106.960045	7127.6924	6755.2515	1000.0	1000.0	160000	454.76022	149.06271	585.99365	-144.24051	454.75937	149.06671	587.881	-132.5625	-457.1492	39.097095	2517.7444009780884
33	6667.4463	152.05725	6923.2227	6497.454	7032.3022	84.17314	7207.8276	6917.1636	1000.0	1000.0	165000	462.3018	149.50038	594.7925	-86.20101	462.30124	149.50317	593.1848	-96.64154	-464.58594	40.1778	2592.246635198593
34	6833.319	86.04148	6961.033	6712.2837	7085.911	73.05369	7211.2837	6988.4316	1000.0	1000.0	170000	468.9093	150.61507	603.33453	-258.10822	468.90918	150.61646	602.2819	-236.15147	-471.3585	41.398815	2671.5654900074005
35	6695.5093	244.90164	7026.8496	6319.295	6774.8804	60.307102	6860.413	6666.3105	1000.0	1000.0	175000	475.69785	150.45822	612.8836	-205.91473	475.69736	150.46126	616.6	-150.62234	-478.06454	40.58266	2752.2567410469055
36	6792.413	185.03642	7047.291	6566.4067	7308.3306	107.43046	7497.905	7179.3936	1000.0	1000.0	180000	482.25223	149.81476	618.25385	-126.11541	482.25162	149.81831	619.9733	-127.12993	-484.42645	39.087433	2830.383101940155
37	6887.5454	141.2062	7055.5957	6715.856	7371.1226	69.11256	7459.402	7222.2437	1000.0	1000.0	185000	488.58737	149.24434	623.0368	-103.063705	488.58722	149.2476	622.6567	-131.03107	-490.93915	38.449825	2913.7210681438446
38	6891.4985	164.13492	7156.331	6666.3804	7270.714	101.108604	7534.671	7198.089	1000.0	1000.0	190000	494.3424	149.13197	626.86053	-92.47252	494.34192	149.1337	629.78455	-90.08044	-496.7074	39.047604	2993.4882090091705
39	6850.1875	80.78417	6980.6963	6747.114	7435.5186	72.4236	7573.685	7319.542	1000.0	1000.0	195000	499.90778	148.5031	632.0589	-72.92217	499.90756	148.50539	632.3499	-74.409836	-502.277	36.950436	3067.5877599716187
40	6643.329	282.48666	6955.332	6203.6797	7387.218	139.70883	7568.6816	7189.806	1000.0	1000.0	200000	504.88522	148.22948	632.53064	-176.54889	504.8846	148.23213	633.45935	-161.3403	-506.9142	36.623936	3147.0813179016113
41	6823.9814	202.42097	7110.914	6596.002	7448.216	61.54261	7540.092	7346.0713	1000.0	1000.0	205000	509.84805	147.19524	638.31885	-137.19003	509.84793	147.19707	638.67346	-139.1997	-512.0786	36.759693	3228.267418861389
42	6930.6157	297.76254	7147.8174	6346.6265	7456.9087	127.82073	7651.932	7212.9463	1000.0	1000.0	210000	514.56525	146.74702	639.1407	-115.65563	514.56464	146.74947	640.2815	-113.43363	-516.7538	37.833694	3309.4835867881775
43	6924.461	150.42125	7109.6157	6664.2124	7636.6826	72.66269	7775.016	7518.43	1000.0	1000.0	215000	519.3843	145.43839	648.2738	-135.5287	519.38385	145.4399	644.3121	-123.68551	-521.4139	37.426704	3388.6922929286957
44	7053.7485	162.57983	7371.5093	6920.0913	7625.878	53.55624	7698.8164	7527.226	1000.0	1000.0	220000	523.6372	145.13799	648.54126	-131.57169	523.6374	145.14078	646.50055	-199.53821	-525.73254	37.53021	3470.4272758960724
45	6919.147	175.78407	7126.0713	6667.3438	7350.169	90.09364	7459.496	7178.9688	1000.0	1000.0	225000	527.75024	144.61815	648.3016	-70.81232	527.7498	144.6197	648.4066	-83.86545	-529.9047	36.34945	3546.1895689964294
46	7044.1963	64.91544	7141.4263	6948.031	7558.854	93.416435	7742.643	7451.009	1000.0	1000.0	230000	531.55273	143.9185	650.9647	-99.218765	531.5528	143.92023	651.95734	-87.81777	-533.8886	36.226562	3622.483519077301
47	7013.345	199.84166	7202.3955	6634.5386	7569.2905	90.92289	7720.431	7443.4346	1000.0	1000.0	235000	535.24146	143.60973	651.8497	-99.54378	535.24066	143.61263	653.9064	-122.209335	-537.15564	36.759956	3704.559037923813
48	7020.9375	220.95256	7220.5127	6739.4023	7427.7876	54.139404	7525.01	7341.4155	1000.0	1000.0	240000	538.90546	143.07169	655.5384	-146.34122	538.9052	143.0731	658.22565	-86.2696	-540.9453	35.41952	3783.9810671806335
49	7097.797	129.10593	7331.3906	6983.9478	7380.6904	81.94458	7549.7505	7274.246	1000.0	1000.0	245000	542.515	142.57806	661.1865	-105.88826	542.51465	142.5809	659.0026	-110.06893	-544.4891	35.486584	3866.099723815918
50	7036.5054	88.30195	7200.8823	6939.705	7373.835	75.74748	7474.9126	7235.0083	1000.0	1000.0	250000	546.2449	141.90378	660.57697	-68.88183	546.2446	141.90607	662.3257	-73.43048	-548.2358	34.637814	3945.9379160404205
51	6924.8633	120.42189	7028.1377	6702.744	7417.181	100.843506	7538.6045	7199.052	1000.0	1000.0	255000	549.16693	141.88034	660.83093	-83.92918	549.16705	141.8811	662.0027	-102.403435	-550.8591	34.68052	4028.0626378059387
52	6907.9375	376.28152	7290.108	6186.3022	7341.62	75.17709	7467.3174	7238.7803	1000.0	1000.0	260000	552.45746	141.44366	664.35754	-123.02759	552.4571	141.44499	665.73303	-93.568344	-554.1913	34.01736	4101.65553689003
53	7086.436	60.04096	7170.552	7018.407	7280.8633	111.03833	7457.05	7058.073	1000.0	1000.0	265000	555.8428	141.08081	670.2083	-118.58436	555.84204	141.08295	668.67865	-168.92888	-557.7411	35.478157	4182.501967906952
54	6972.378	226.08575	7273.259	6641.931	7564.121	102.29628	7749.785	7410.0864	1000.0	1000.0	270000	559.4186	139.83537	669.8342	-56.20933	559.4178	139.83879	672.6881	-57.915375	-561.5664	34.158695	4262.963635921478
55	6935.7554	114.114174	7134.113	6813.8364	7550.203	115.098885	7724.94	7401.63	1000.0	1000.0	275000	561.8747	139.57106	673.6259	-86.75491	561.8744	139.57254	671.6163	-75.39543	-563.8243	34.026268	4343.348757982254
56	7075.323	101.5534	7250.7085	6951.938	7607.3647	109.864784	7749.1616	7400.33	1000.0	1000.0	280000	564.7888	138.76324	675.072	-128.94968	564.7888	138.76427	675.4725	-152.3825	-566.7202	33.17871	4421.888628005981
57	7075.003	136.14676	7234.087	6830.4756	7607.611	86.70718	7716.8066	7476.7417	1000.0	1000.0	285000	567.6368	137.95819	677.4328	-123.735176	567.63696	137.95868	677.3492	-96.77209	-569.3373	34.594257	4503.485996007919
58	7131.572	152.93088	7310.0107	6877.5894	7625.78	175.2499	7875.8916	7390.293	1000.0	1000.0	290000	569.701	138.30232	676.5955	-82.498825	569.70105	138.30359	677.8695	-69.79173	-571.3679	34.443874	4578.1863489151
59	7221.7646	105.52802	7399.303	7112.9604	7754.005	131.25746	7982.699	7580.912	1000.0	1000.0	295000	572.438	136.79718	680.7526	-69.826675	572.43726	136.79958	679.58215	-65.302795	-574.2692	34.21779	4651.303216934204
60	7231.0615	180.18492	7464.706	6912.348	7508.0874	87.05168	7663.3936	7410.5464	1000.0	1000.0	300000	574.3758	136.48373	679.3191	-78.85152	574.37573	136.48688	678.6473	-79.916176	-576.3076	33.438072	4730.873183965683
61	7301.6104	198.8569	7472.218	6951.6396	7702.673	126.483215	7905.726	7508.289	1000.0	1000.0	305000	576.5492	135.93025	685.27594	-73.73092	576.5487	135.93192	683.6031	-94.5644	-578.6594	33.45887	4806.487555980682
62	7288.251	96.85413	7438.484	7146.5796	7742.8164	100.69139	7925.09	7585.787	1000.0	1000.0	310000	579.23926	134.80309	687.17896	-93.513306	579.2388	134.80473	686.7379	-80.79116	-581.2355	32.733345	4884.794922113419
63	7241.2124	102.01104	7349.03	7085.813	7748.3867	79.16909	7906.979	7641.9116	1000.0	1000.0	315000	581.1217	134.80203	692.8163	-116.774414	581.12146	134.80312	691.2187	-110.54329	-582.74615	32.372723	4963.054477930069
64	7240.107	286.70392	7553.498	6714.3228	7802.8516	100.07527	7943.6963	7651.306	1000.0	1000.0	320000	583.3086	133.77158	691.33545	-122.78755	583.3085	133.7722	690.9707	-68.39738	-585.0255	32.157562	5039.418797969818
65	7329.755	117.66401	7462.88	7155.428	7774.132	97.81539	7934.892	7608.3438	1000.0	1000.0	325000	585.59766	132.6581	692.331	-62.577015	585.59753	132.65947	691.87573	-54.854607	-587.32153	31.620897	5108.395584106445
66	7307.6016	122.975204	7443.6777	7086.056	7621.9795	119.43728	7876.9756	7472.149	1000.0	1000.0	330000	587.58356	132.52689	695.0182	-84.04678	587.58386	132.52802	694.15466	-72.24707	-589.4826	31.685257	5188.019797086716
67	7320.611	172.5263	7529.731	7048.4795	7810.257	106.07972	8012.9204	7616.009	1000.0	1000.0	335000	589.7512	132.043	693.829	-74.91061	589.75073	132.04605	695.57715	-54.47487	-591.51434	31.615473	5263.898102760315
68	7314.0522	195.09367	7570.625	7066.202	7832.1836	114.117905	8056.6797	7679.037	1000.0	1000.0	340000	591.746	131.55717	698.3461	-122.53417	591.7459	131.55786	699.33685	-124.18094	-593.5102	32.4265	5342.374839782715
69	7361.9204	194.47371	7585.215	7050.879	7677.517	87.993744	7806.7676	7523.4463	1000.0	1000.0	345000	594.12354	130.86414	701.1426	-117.41513	594.1231	130.86575	699.7542	-102.517075	-595.684	32.146923	5420.762102842331
70	7259.0913	84.59828	7358.2993	7104.549	7490.228	96.075584	7670.6685	7322.2144	1000.0	1000.0	350000	596.23474	130.42155	702.06323	-82.707664	596.2342	130.42348	702.91693	-92.609474	-598.0925	32.007313	5498.995698928833
71	7234.12	167.81903	7468.9263	6968.396	7744.0264	81.94375	7892.4307	7571.096	1000.0	1000.0	355000	598.3298	129.50917	703.8937	-93.243256	598.32996	129.51035	701.8956	-85.418304	-600.1246	31.11076	5569.381098985672
72	7310.1553	144.62999	7406.3926	7024.4355	7350.9165	148.27786	7636.1357	7151.2236	1000.0	1000.0	360000	599.71814	130.16891	704.312	-102.281044	599.71783	130.17094	702.9115	-101.54677	-601.4391	31.506863	5647.23890209198
73	7160.147	384.66318	7439.5596	6400.459	7932.521	127.17313	8096.937	7694.9146	1000.0	1000.0	365000	601.8067	128.9444	705.10614	-171.51468	601.80664	128.94626	704.10376	-158.66393	-603.6261	32.30808	5726.959167957306
74	7369.693	97.00018	7454.594	7189.1626	8026.0693	63.042526	8115.6626	7888.963	1000.0	1000.0	370000	603.43976	128.31567	705.69934	-50.591568	603.4397	128.31743	705.4756	-66.57205	-605.15765	32.027725	5805.419355869293
75	7480.893	81.79795	7575.86	7334.671	7855.697	70.83872	7988.014	7718.5386	1000.0	1000.0	375000	605.5107	127.24417	713.97516	-157.27902	605.51044	127.24564	714.7173	-118.19783	-607.0701	32.04936	5883.627103090286
76	7491.5806	108.82239	7673.2993	7330.4116	7603.957	76.4015	7752.6675	7481.0547	1000.0	1000.0	380000	606.8934	127.07522	713.79034	-131.66136	606.8936	127.076584	713.2185	-106.141754	-608.74774	31.559137	5963.611041069031
77	7400.207	141.26389	7629.88	7224.567	7921.3643	98.55401	8070.407	7719.474	1000.0	1000.0	385000	608.8921	126.53168	716.19324	-93.01849	608.89124	126.53607	716.88074	-93.21373	-610.5861	32.092773	6036.259016036987
78	7500.935	83.32889	7657.095	7416.4824	7903.0884	61.53477	8016.7144	7807.199	1000.0	1000.0	390000	610.073	126.58329	721.65045	-82.70109	610.0734	126.5823	721.2732	-96.5233	-612.09106	32.23916	6110.606927871704
79	7414.728	114.703926	7557.6587	7277.872	7625.432	98.79206	7802.809	7495.681	1000.0	1000.0	395000	611.8185	125.5887	720.3183	-99.21629	611.8187	125.58741	718.9207	-99.80519	-613.4598	31.818338	6190.042620897293
80	7528.66	95.128365	7646.6104	7373.233	7984.508	131.83191	8223.4795	7764.5586	1000.0	1000.0	400000	613.2498	125.506294	718.4414	-97.12057	613.2494	125.50974	718.8974	-97.84621	-615.1374	32.281296	6268.423830032349
81	7590.832	45.328213	7673.2534	7548.842	8041.9805	134.10844	8251.942	7773.4077	1000.0	1000.0	405000	614.88055	124.74455	722.1918	-111.2597	614.8808	124.74365	720.45746	-107.68543	-616.37195	31.631227	6345.703078985214
82	7507.8545	86.63176	7608.3765	7378.3687	8011.503	89.88681	8140.114	7855.996	1000.0	1000.0	410000	615.7054	125.5237	724.242	-59.55243	615.7057	125.52397	722.75507	-93.22438	-617.4481	31.620457	6425.712255001068
83	7552.4062	61.46641	7621.9565	7437.86	7754.544	87.98221	7933.49	7619.15	1000.0	1000.0	415000	617.4421	124.21726	721.9753	-49.229454	617.4419	124.21932	723.1744	-57.37126	-619.0759	30.850285	6498.868880987167
84	7574.335	111.31737	7669.837	7390.389	7996.306	107.9954	8156.2954	7807.488	1000.0	1000.0	420000	619.16907	123.27739	723.9998	-47.828625	619.1694	123.27768	723.38116	-53.47393	-620.9662	31.172565	6573.557312011719
85	7576.6094	59.484547	7675.314	7498.6494	7659.5	84.30438	7772.7764	7466.1753	1000.0	1000.0	425000	620.5627	123.290825	722.9685	-147.5169	620.5628	123.29018	721.30585	-165.76257	-622.2815	31.567162	6652.564444065094
86	7493.267	211.04987	7780.344	7132.4297	8044.668	121.78122	8191.6514	7757.6836	1000.0	1000.0	430000	621.8194	122.923744	725.9658	-80.90265	621.8191	122.92721	724.9303	-78.53219	-623.3288	31.748854	6731.659744024277
87	7538.8076	121.49653	7679.0557	7317.195	7937.0195	100.00544	8097.473	7802.229	1000.0	1000.0	435000	622.88104	122.94617	726.8135	-117.352684	622.8809	122.94664	726.3353	-134.77652	-624.5099	32.0847	6809.842343091965
88	7452.345	132.7641	7651.3745	7282.632	7913.0337	85.16712	8011.36	7711.734	1000.0	1000.0	440000	624.2745	122.47491	724.6611	-82.29393	624.2746	122.47498	725.0695	-75.26756	-625.8873	31.58474	6892.556282997131
89	7519.7563	233.22021	7676.2124	7058.05	8123.0625	80.87953	8237.859	7947.8525	1000.0	1000.0	445000	625.6528	121.6566	727.6292	-91.04268	625.65265	121.65707	728.27045	-85.36199	-627.48785	31.077997	6967.820900917053
90	7544.154	188.85548	7739.5415	7225.406	8003.323	90.493835	8142.8936	7833.4824	1000.0	1000.0	450000	626.69415	121.84477	729.03046	-94.13642	626.69403	121.845634	731.1692	-74.39912	-628.1724	31.419731	7040.3881821632385
91	7330.1157	274.51184	7512.3936	6789.514	8010.96	102.78881	8210.08	7812.0312	1000.0	1000.0	455000	628.10657	121.085655	728.73114	-101.9007	628.1065	121.08679	729.1216	-54.06161	-629.62714	30.267529	7118.973154783249
92	7476.8604	124.76205	7669.912	7284.149	8031.475	86.63978	8156.186	7841.0845	1000.0	1000.0	460000	629.01355	121.268	729.35254	-79.74385	629.0131	121.271286	730.7629	-71.5172	-630.4403	30.08341	7198.123784065247
93	7622.2227	84.201584	7708.681	7507.0796	7955.573	79.58321	8079.4424	7808.867	1000.0	1000.0	465000	630.04	120.75777	730.90796	-68.68555	630.0401	120.75697	730.5106	-65.73857	-631.6575	31.031744	7276.775381088257
94	7641.9634	121.53206	7824.2295	7474.548	7898.6577	164.94107	8191.6284	7592.778	1000.0	1000.0	470000	631.35626	119.77798	729.6798	-54.569057	631.35614	119.77833	729.5709	-81.77482	-632.77856	30.639593	7358.766305208206
95	7430.0312	193.84904	7736.8887	7126.5327	8129.552	141.90965	8379.092	7979.181	1000.0	1000.0	475000	632.67145	118.67367	730.20605	-99.64611	632.671	118.67642	729.4867	-82.1483	-634.2346	31.202715	7448.95924782753
96	7650.699	182.99919	7854.2837	7380.6504	8196.545	68.40797	8317.48	8054.092	1000.0	1000.0	480000	633.27106	118.887726	729.62494	-117.5221	633.27155	118.887375	730.988	-109.03476	-634.74316	31.203125	7528.083909034729
97	7556.6733	200.25252	7809.2935	7205.479	8076.8955	87.46876	8267.712	7965.7793	1000.0	1000.0	485000	634.5645	118.42534	731.8569	-154.5281	634.56433	118.42542	731.2102	-114.40853	-636.3163	30.856728	7614.651969909668
98	7510.1626	88.04224	7631.093	7403.95	8244.459	118.54966	8496.947	8021.6313	1000.0	1000.0	490000	635.176	118.30679	734.9366	-93.18429	635.1763	118.306076	735.4181	-127.2888	-636.6326	31.601078	7706.665606021881
99	7571.2446	75.78071	7677.617	7483.5938	8065.346	162.19493	8329.345	7775.5205	1000.0	1000.0	495000	636.0838	117.93619	740.9221	-105.84374	636.084	117.93567	736.83527	-126.07899	-637.6765	32.311817	7791.4848549366
100	7586.6196	106.65652	7704.2007	7454.011	8131.138	120.645706	8322.056	7956.8105	1000.0	1000.0	500000	637.09875	117.50897	734.82104	-171.81627	637.09906	117.50908	737.67017	-127.67394	-638.717	32.072006	7874.470257997513
101	7602.271	120.37612	7835.1895	7485.62	8142.7354	95.66644	8329.17	7955.818	1000.0	1000.0	505000	637.9349	116.73823	736.64276	-86.83087	637.93494	116.73763	738.21814	-74.12751	-639.5513	31.441269	7960.182620048523
102	7539.569	182.33978	7777.6396	7279.2383	7978.419	163.22963	8164.867	7547.9795	1000.0	1000.0	510000	638.588	117.14479	739.1343	-69.92975	638.5877	117.14628	739.45105	-88.40409	-640.2539	32.119938	8037.653115034103
103	7671.339	161.57385	7887.6074	7422.376	8219.844	93.890785	8374.745	8067.077	1000.0	1000.0	515000	639.5053	117.071724	739.7207	-62.43673	639.5052	117.072395	738.95703	-60.082394	-641.08923	30.658478	8117.65678191185
104	7660.8228	181.054	7918.593	7440.3267	8140.1064	134.32065	8390.356	7920.047	1000.0	1000.0	520000	641.10986	116.01416	740.5669	-125.3082	641.1102	116.014465	742.48535	-68.20634	-642.6519	33.183292	8202.902565956116
105	7636.8076	126.690285	7790.562	7483.0464	8067.5767	157.63367	8296.622	7826.153	1000.0	1000.0	525000	641.7832	115.794365	741.42224	-175.91106	641.78284	115.79595	741.6009	-120.104385	-643.4785	32.335274	8287.212682962418
106	7678.2876	124.63383	7836.383	7498.4116	8235.599	118.04878	8485.251	8102.2227	1000.0	1000.0	530000	642.73615	115.007774	741.55597	-63.16823	642.73596	115.00985	742.281	-57.78427	-644.2307	31.555176	8369.362504959106
107	7673.0923	121.817604	7802.8276	7521.575	8230.743	128.0746	8417.622	8034.2183	1000.0	1000.0	535000	643.7273	114.96132	744.3094	-101.13528	643.72736	114.96132	742.2793	-100.304855	-645.4232	30.9944	8456.421324968338
108	7717.077	244.85724	8005.272	7262.1177	7989.682	168.04997	8179.5566	7572.172	1000.0	1000.0	540000	644.3874	115.05255	741.5048	-110.845085	644.3876	115.05207	741.8191	-82.7617	-646.09875	31.038069	8536.378736019135
109	7657.927	279.15448	7965.093	7235.328	7944.2344	93.483154	8120.1313	7779.481	1000.0	1000.0	545000	645.52673	114.20093	743.9134	-129.29367	645.5263	114.20244	744.31665	-118.81041	-647.0972	31.995707	8617.116705179214
110	7523.301	198.89587	7697.6655	7205.14	8297.053	98.57349	8465.5	8124.065	1000.0	1000.0	550000	646.4481	113.6145	744.0273	-120.90348	646.44855	113.612366	744.4004	-136.25092	-648.19495	30.997215	8692.968065023422
111	7802.0	168.71701	7959.131	7520.7324	8440.611	168.0776	8791.49	8151.5693	1000.0	1000.0	555000	646.9795	114.30195	745.185	-112.37979	646.9793	114.30491	745.4667	-121.65304	-648.7222	30.670225	8809.785484790802
112	7582.279	164.61263	7815.3516	7308.312	8068.5166	81.59954	8197.356	7929.241	1000.0	1000.0	560000	647.743	114.09125	746.29376	-107.53159	647.7433	114.090324	746.42395	-119.30664	-649.3063	31.434587	8890.084825992584
113	7739.9795	195.61446	7912.8604	7402.2227	8297.898	109.638466	8446.673	8136.367	1000.0	1000.0	565000	649.183	112.71546	746.7786	-101.610214	649.1827	112.71695	744.38666	-80.61289	-650.88654	31.731672	8977.405838012695
114	7693.2085	123.976456	7879.401	7519.947	8247.635	117.162796	8473.489	8043.7876	1000.0	1000.0	570000	649.5543	113.398636	746.8172	-102.930984	649.5545	113.39998	746.3616	-79.71531	-651.19025	31.920813	9061.83721780777
115	7788.0205	211.44296	8150.6025	7539.989	8176.9556	112.2455	8403.851	7985.6997	1000.0	1000.0	575000	650.3525	113.26564	747.1312	-94.24952	650.3525	113.26738	748.5727	-174.53828	-651.8257	30.769638	9144.296489953995
116	7700.271	105.49079	7852.5654	7547.2593	8176.0674	104.9598	8331.095	7936.966	1000.0	1000.0	580000	651.01013	112.65785	746.21185	-88.26159	651.0103	112.65925	745.80615	-100.51999	-652.54254	29.81693	9218.631662845612
117	7761.629	235.4444	8064.302	7370.4463	8099.2656	124.26131	8280.539	7971.168	1000.0	1000.0	585000	651.79816	112.76857	753.1531	-92.250465	651.79767	112.77011	754.31274	-103.17347	-653.1882	30.8554	9301.34026002884
118	7732.3657	84.12764	7863.9067	7611.7583	8219.599	154.86038	8510.99	8003.886	1000.0	1000.0	590000	652.59534	112.338036	751.6315	-106.92944	652.5953	112.340515	754.11835	-75.6068	-654.01044	31.356094	9402.311680078506
119	7724.8345	147.92694	7892.7944	7494.4863	8019.8345	123.87213	8224.325	7810.185	1000.0	1000.0	595000	653.407	112.72803	755.4278	-93.09743	653.4064	112.73037	756.39514	-120.72389	-655.0361	30.331312	9489.519335985184
120	7727.2686	80.71151	7820.8857	7602.0557	8333.52	96.030304	8482.798	8199.69	1000.0	1000.0	600000	653.9831	112.640724	756.8866	-160.5776	653.983	112.64183	758.1291	-140.04947	-655.3116	32.038395	9572.432022809982
121	7717.2446	60.453163	7813.1606	7626.5894	8354.205	76.720825	8475.248	8259.576	1000.0	1000.0	605000	654.4464	112.68714	752.82513	-113.70619	654.44617	112.68918	754.4816	-124.36612	-655.9421	32.64283	9654.62703704834
122	7718.8604	91.53979	7867.563	7595.8306	8382.489	90.56843	8554.794	8221.987	1000.0	1000.0	610000	655.18256	112.778755	756.64294	-152.65045	655.1822	112.78024	760.9878	-229.73753	-656.5267	33.053112	9730.455525875092
123	7902.306	122.63822	8076.9116	7700.102	8478.861	113.4536	8724.356	8272.772	1000.0	1000.0	615000	655.9938	112.66082	759.3737	-165.0408	655.9932	112.662735	762.5277	-145.6682	-658.0062	31.405437	9810.640866994858
124	7541.8765	369.41788	7986.5723	6904.4775	8214.62	141.44185	8415.986	7962.5063	1000.0	1000.0	620000	657.0154	111.59305	755.8092	-134.02737	657.0153	111.594215	758.21063	-125.08255	-658.66	31.490507	9894.872730016708
125	7673.392	87.058784	7821.992	7552.643	8334.021	63.961388	8455.869	8255.565	1000.0	1000.0	625000	657.3254	112.04877	758.4628	-72.635826	657.3247	112.05144	759.74603	-75.67881	-658.83405	31.395737	9982.919420003891
126	7831.8174	96.68719	7983.2397	7693.6206	8261.325	117.83561	8432.079	8078.961	1000.0	1000.0	630000	658.1384	111.76103	759.58044	-100.006	658.1382	111.76309	760.544	-94.295784	-659.8618	31.056843	10075.357587099075
127	7810.1235	152.82147	8036.275	7584.9844	8229.445	165.87462	8520.108	7965.582	1000.0	1000.0	635000	659.1697	110.65928	757.7259	-109.79549	659.16943	110.66218	761.1705	-111.56635	-660.6846	32.64435	10160.672641038895
128	7846.0596	77.96656	7938.9077	7743.985	8277.502	93.2273	8453.694	8130.017	1000.0	1000.0	640000	659.108	111.74992	757.8285	-173.52762	659.10767	111.7514	761.8086	-154.17569	-660.29626	30.814894	10238.42113494873
129	7842.6064	120.37484	8010.3574	7689.576	8269.984	95.13903	8432.048	8117.647	1000.0	1000.0	645000	659.87506	110.79313	758.2665	-101.17739	659.87463	110.796394	760.0053	-92.63594	-661.514	31.781712	10320.242801904678
130	7842.957	90.56117	7982.5513	7715.999	8386.03	92.0474	8574.6875	8296.627	1000.0	1000.0	650000	660.72076	110.15484	759.82904	-134.8888	660.7211	110.15521	759.5628	-107.70105	-662.17847	31.435356	10419.0995490551
131	7622.508	132.3935	7847.131	7500.952	8490.123	115.82018	8645.537	8313.186	1000.0	1000.0	655000	661.1336	109.36028	759.87897	-126.585365	661.13293	109.36347	760.801	-99.021194	-662.7811	32.892124	10504.498816013336
132	7809.7725	122.72371	7975.736	7699.9355	8455.119	71.233574	8553.468	8299.951	1000.0	1000.0	660000	661.5242	109.36523	758.39185	-114.43731	661.5241	109.36825	759.06384	-86.49298	-662.9978	31.569563	10588.084708929062
133	7957.3477	88.81501	8061.799	7823.1006	8546.933	134.02951	8727.996	8313.763	1000.0	1000.0	665000	661.9998	109.24929	760.8145	-114.51599	661.9995	109.25178	760.77496	-122.33968	-663.3904	30.368168	10673.06544995308
134	7931.4326	187.49403	8267.199	7720.525	7977.2354	114.97106	8153.4717	7719.337	1000.0	1000.0	670000	662.6025	109.04302	761.1488	-110.53835	662.60266	109.04216	761.80255	-107.08787	-664.2321	30.78599	10753.729803800583
135	7959.5522	202.51686	8237.404	7743.737	7808.6	69.750916	7905.101	7666.552	1000.0	1000.0	675000	663.5328	108.56066	763.95294	-83.676476	663.5329	108.56447	766.0568	-77.57082	-665.1939	31.41535	10832.385512113571
136	7835.2344	290.59683	8181.624	7310.9365	8555.334	78.862595	8721.749	8469.138	1000.0	1000.0	680000	663.6498	108.91868	761.0287	-72.0468	663.6492	108.92291	762.76227	-64.30194	-664.9718	31.40875	10915.105341911316
137	7864.2695	129.88017	8064.941	7655.475	8271.821	91.87399	8416.163	8135.517	1000.0	1000.0	685000	664.55365	107.82199	765.2033	-83.5707	664.55347	107.82338	764.37756	-62.222282	-666.1218	31.69702	11003.760246038437
138	7757.975	160.3211	7992.734	7531.356	8351.74	101.8746	8527.856	8178.284	1000.0	1000.0	690000	665.0957	107.78305	767.6831	-92.237526	665.09515	107.788055	766.005	-71.15753	-666.4983	32.326843	11089.094103813171
139	7846.5664	156.41551	8044.2456	7669.7134	8196.19	123.8746	8425.334	8061.6465	1000.0	1000.0	695000	665.5678	108.176285	763.881	-151.88736	665.568	108.17726	766.42865	-183.33202	-666.9927	32.79809	11177.523344039917
140	7929.2227	251.8323	8305.298	7534.6304	8269.604	104.9374	8483.401	8098.2944	1000.0	1000.0	700000	666.23267	107.99749	766.4261	-83.61879	666.2324	108.00036	764.1394	-83.87203	-667.5102	31.133484	11260.70150089264
141	7905.8	166.0687	8060.8516	7590.7656	8455.105	82.42548	8572.418	8273.193	1000.0	1000.0	705000	667.2931	106.77043	769.77814	-73.98884	667.29285	106.773315	768.07043	-72.90539	-668.4564	31.582844	11340.810440063477
142	7820.591	123.83224	7963.196	7600.2495	7386.693	331.30347	7859.4595	6713.288	1000.0	1000.0	710000	667.6837	107.14492	766.42676	-78.892456	667.6833	107.14923	765.9951	-79.5307	-669.3406	32.2353	11420.234628915787
143	7669.4155	490.49957	8036.328	6700.4556	8524.908	119.88984	8755.854	8337.239	1000.0	1000.0	715000	668.3772	106.4971	766.99817	-121.8902	668.3768	106.500916	766.74335	-109.192726	-669.8764	32.859245	11507.667860031128
144	7942.396	104.58222	8094.661	7795.575	8613.24	62.582436	8685.855	8493.405	1000.0	1000.0	720000	668.44507	106.918015	768.5048	-137.1264	668.4451	106.91849	768.3694	-103.71991	-669.9968	33.561108	11590.55062508583
145	7932.4736	89.823875	8093.998	7833.511	8612.83	85.73365	8748.021	8452.871	1000.0	1000.0	725000	668.98456	106.441376	767.2935	-142.19992	668.9843	106.44295	765.5289	-109.2405	-670.5688	33.406105	11681.74345088005
146	7924.66	84.73118	8045.931	7832.162	8326.141	111.754105	8481.0	8144.64	1000.0	1000.0	730000	669.2819	106.05976	764.739	-113.73162	669.2821	106.05886	765.2669	-119.228584	-670.8271	32.455406	11766.657116889954
147	7912.9014	83.71371	8044.486	7830.905	8387.506	112.29166	8527.433	8207.686	1000.0	1000.0	735000	669.5805	106.77848	766.3661	-107.45844	669.5803	106.77977	767.2639	-119.601654	-671.1395	34.135574	11851.461607933044
148	7823.7983	103.751175	7960.46	7673.5293	8435.114	141.63448	8615.124	8197.96	1000.0	1000.0	740000	670.19257	105.9723	767.45886	-111.92389	670.1923	105.97526	766.97845	-165.02927	-671.6829	33.481476	11929.296841144562
149	7892.532	57.632256	7984.207	7843.2866	8440.385	90.99486	8594.35	8303.862	1000.0	1000.0	745000	670.34143	106.08685	766.8732	-204.4971	670.3414	106.08619	766.3415	-185.05202	-671.7482	34.301308	12017.257892847061
150	8088.971	99.52858	8177.008	7895.4805	8491.783	119.93583	8709.068	8309.763	1000.0	1000.0	750000	670.9803	104.655815	768.595	-84.831245	670.9802	104.65773	769.7318	-69.11334	-672.3751	32.1402	12111.282105922699
151	7914.8643	170.69983	8160.26	7696.047	8450.655	129.2544	8627.945	8316.863	1000.0	1000.0	755000	671.03265	105.66352	767.6279	-96.82847	671.0322	105.6682	768.54913	-116.23271	-672.5249	31.9596	12206.466401100159
152	7957.5986	36.596645	8008.1978	7899.3916	8617.623	100.30796	8848.268	8488.28	1000.0	1000.0	760000	671.9593	104.6022	769.45905	-96.26435	671.95905	104.60599	767.847	-111.23726	-673.2217	32.19571	12303.899271965027
153	7958.801	164.07507	8237.605	7782.5786	8456.202	109.18999	8623.616	8220.293	1000.0	1000.0	765000	671.9848	105.2733	769.3027	-115.32296	671.98456	105.27631	770.3042	-126.79851	-673.5568	32.921494	12401.96885585785
