Epoch	AverageEpRet	StdEpRet	MaxEpRet	MinEpRet	AverageTestEpRet	StdTestEpRet	MaxTestEpRet	MinTestEpRet	EpLen	TestEpLen	TotalEnvInteracts	AverageQ1Vals	StdQ1Vals	MaxQ1Vals	MinQ1Vals	AverageQ2Vals	StdQ2Vals	MaxQ2Vals	MinQ2Vals	AverageVVals	StdVVals	MaxVVals	MinVVals	AverageLogPi	StdLogPi	MaxLogPi	MinLogPi	LossPi	LossQ1	LossQ2	LossV	Time
1	-331.06174	92.20111	-173.40178	-419.0425	1.6847594	35.65887	28.640533	-102.82586	1000.0	1000.0	5000	5.293452	4.531723	26.171276	-6.265744	5.293193	4.531586	25.949944	-6.6114683	6.2244225	4.5116324	26.3533	-11.530465	-2.2107584	2.5388942	71.54767	-14.753908	-6.470893	0.12605883	0.12738831	0.2581788	92.58334398269653
2	-280.75873	84.97799	-154.80936	-374.36572	6.879876	40.182796	69.50118	-62.671204	1000.0	1000.0	10000	23.030329	9.409893	64.65794	-5.4506135	23.030256	9.409716	64.844765	-4.9775825	24.616304	9.802742	69.619804	-2.919256	0.23398212	3.5238032	23.778385	-17.094944	-25.33685	0.3588083	0.36058417	0.71479625	173.55493688583374
3	-57.032143	297.13483	455.11395	-455.6697	477.68243	417.48462	1343.4392	22.19629	1000.0	1000.0	15000	44.490757	16.194883	90.64407	14.804912	44.49068	16.194386	88.64102	15.312461	45.65742	16.422926	87.70595	15.5953045	-0.20508707	3.6658945	28.396385	-12.89783	-46.464363	0.43135157	0.4368433	0.92878497	275.4944398403168
4	783.74866	289.99493	1111.125	341.55014	1638.8301	76.80932	1765.3457	1509.2761	1000.0	1000.0	20000	49.993183	16.23838	89.40155	16.827467	49.993435	16.238123	88.39212	16.995953	50.63987	16.198843	88.83802	17.836515	-1.4913744	2.7120125	17.637402	-14.336948	-51.332195	0.35198975	0.35067993	0.663206	382.0924849510193
5	1600.3083	374.85477	2153.5369	1103.8344	2872.3757	55.982094	2951.1838	2735.268	1000.0	1000.0	25000	59.30974	19.405989	114.68106	19.664053	59.30992	19.406342	113.568115	19.497171	59.97397	19.223347	115.1117	20.20427	-0.98509675	2.8524506	19.560207	-13.9991	-60.657013	0.5627611	0.5467643	0.92324376	492.677472114563
6	2702.9243	365.14423	3170.537	2110.9404	3546.375	99.72322	3695.7834	3369.8015	1000.0	1000.0	30000	76.23304	27.587189	153.63353	22.234676	76.23304	27.587355	153.18443	21.620743	76.93318	27.257618	151.47244	22.857965	-0.05897364	3.220748	26.826832	-13.506096	-77.70271	0.81386113	0.80568117	1.3119036	583.3437449932098
7	3402.5696	280.6187	3680.7722	2918.818	4052.089	115.2943	4258.618	3857.4326	1000.0	1000.0	35000	99.85563	39.95868	193.41008	13.178178	99.85567	39.958977	194.07817	14.53141	100.53551	39.562294	192.5405	15.5335655	0.88680243	3.586273	24.19761	-13.329256	-101.57541	1.2269584	1.2258034	1.9546511	683.89524102211
8	3832.2766	199.19044	4177.7856	3614.6194	4363.179	81.01586	4477.249	4232.488	1000.0	1000.0	40000	127.00467	53.120525	234.25002	-19.716768	127.00433	53.121216	235.29425	-20.111132	127.680176	52.647755	232.82883	-24.381891	1.797428	4.090577	34.791424	-15.399696	-128.9938	1.6527249	1.6738868	2.586167	784.6289191246033
9	4070.2202	75.67614	4162.5864	3932.899	4595.218	72.12333	4699.015	4497.0244	1000.0	1000.0	45000	155.39642	62.48536	264.50912	-28.749092	155.3964	62.485878	265.26712	-29.067472	156.029	61.857548	263.57956	-27.968647	2.312237	4.277683	32.03322	-14.334694	-157.4181	1.9503419	1.9632803	3.075248	888.4633319377899
10	4399.824	73.39776	4473.394	4267.897	4840.7705	84.665764	4947.5195	4689.8276	1000.0	1000.0	50000	182.16353	69.42448	290.42752	-29.04043	182.1639	69.42393	291.91455	-29.876257	182.72676	68.7143	288.7896	-31.110556	2.6211665	4.414546	35.67172	-12.16825	-184.1582	2.118209	2.1353111	3.3025222	976.4031858444214
11	4540.376	121.63169	4695.2793	4335.1807	4635.8467	940.3741	5098.537	1832.841	1000.0	1000.0	55000	206.25945	74.66745	313.09937	-24.486694	206.25926	74.666916	313.09848	-22.662151	206.73247	73.91136	311.9327	-24.189632	2.7816603	4.4680686	38.142307	-13.793654	-208.18431	2.2567167	2.3216355	3.4940367	1065.0655608177185
12	4538.2705	122.717865	4685.309	4339.65	4990.2803	82.06527	5112.23	4855.085	1000.0	1000.0	60000	227.53758	78.59864	331.7522	-17.149876	227.53749	78.59833	331.76132	-17.062704	227.92708	77.823845	331.21417	-17.530245	2.9554482	4.4480467	37.925262	-13.315336	-229.33307	2.5248692	2.5974655	3.862588	1155.4765560626984
13	4728.947	63.78476	4795.1743	4629.0366	4976.4263	85.268555	5130.9087	4835.278	1000.0	1000.0	65000	246.86574	80.7116	355.7822	-8.409607	246.86533	80.71083	356.14304	-10.1828985	247.18129	79.87308	353.5167	-7.182905	3.005348	4.431968	37.80853	-12.793856	-248.57498	2.613038	2.761767	4.0444655	1254.1258051395416
14	4773.782	93.59394	4911.3867	4662.616	4856.3506	196.14525	5090.0586	4486.6396	1000.0	1000.0	70000	263.43015	83.73036	372.9879	-31.167969	263.4301	83.73005	372.03818	-29.873434	263.6956	82.899445	371.4014	-28.86098	3.065135	4.4596815	44.951717	-15.246938	-265.1023	2.6625042	2.7507038	4.0061026	1347.9744229316711
15	4696.197	163.11066	4911.451	4453.6304	5180.1826	177.35738	5388.092	4713.7144	1000.0	1000.0	75000	279.12427	82.39677	381.0888	10.742848	279.12436	82.39619	381.29178	7.9831443	279.33112	81.50237	383.571	11.539177	3.0121086	4.405595	36.57221	-14.307489	-280.56836	2.7883203	2.8645198	4.152574	1441.284696817398
16	4829.241	129.06227	5053.839	4705.267	5076.839	128.00983	5292.243	4895.9473	1000.0	1000.0	80000	290.9321	83.851	393.61023	7.0899734	290.93137	83.85119	393.38843	7.070689	291.05472	83.009186	391.429	6.327537	2.952394	4.4197474	37.928783	-13.160651	-292.3069	3.0630836	3.1594677	4.478309	1530.3938229084015
17	4939.7856	45.30243	4998.9272	4892.6377	5269.7905	68.53227	5363.8022	5172.3887	1000.0	1000.0	85000	301.91092	84.436134	397.8197	1.5626428	301.91098	84.43604	398.6834	4.609296	301.98947	83.573845	398.8788	5.6501007	3.003899	4.464969	41.396683	-15.509021	-303.2324	3.1417556	3.2126727	4.470817	1624.270115852356
18	4994.4126	54.1963	5053.186	4913.0283	5109.1353	185.37244	5364.291	4683.4976	1000.0	1000.0	90000	311.89673	84.51543	410.20828	3.3982472	311.89658	84.515015	410.09802	4.91976	311.93393	83.65412	409.4166	4.633333	2.9817395	4.4501843	39.821404	-14.458275	-313.1493	3.2370622	3.3114936	4.54588	1720.2145788669586
19	3974.3875	1959.3097	5073.073	61.722355	4427.4497	1300.9205	5170.746	1146.8112	1000.0	1000.0	95000	320.54477	85.44797	418.63727	3.479446	320.54474	85.447495	415.4587	1.5399107	320.5671	84.6031	416.58386	4.1398187	2.9986978	4.478165	65.03996	-13.491184	-321.71906	3.2328024	3.288675	4.6183124	1815.305377960205
20	5102.8174	122.68034	5247.091	4887.9717	5523.8633	90.48819	5650.7095	5361.0957	1000.0	1000.0	100000	325.9379	90.3081	427.0183	-1.6691182	325.93738	90.30795	424.92917	-2.8525662	325.9192	89.51907	424.4385	-1.0626596	2.9366164	4.510559	40.26538	-13.141123	-327.10352	3.305191	3.4029148	4.7144814	1903.5878179073334
21	5079.208	169.68044	5312.758	4783.533	5541.835	132.70145	5663.5776	5209.2393	1000.0	1000.0	105000	334.39087	89.443344	429.7972	-5.179339	334.3908	89.4432	433.22806	-1.2171901	334.38287	88.592606	429.8873	-1.4436939	3.0163834	4.5570927	41.43053	-13.979059	-335.5179	3.3788195	3.4316888	4.763494	1998.8811111450195
22	5124.8843	90.90177	5219.5376	5014.5747	5570.414	87.627495	5668.0063	5406.2495	1000.0	1000.0	110000	341.2747	89.24878	439.22888	-40.246483	341.27444	89.24865	437.39886	-46.64456	341.2042	88.468315	433.33905	-2.0573092	2.9716678	4.5313497	45.825935	-13.861981	-342.3585	3.4868946	3.5823548	4.8669353	2090.3293681144714
23	5164.365	81.39804	5228.309	5013.468	5548.831	141.55876	5781.997	5308.4233	1000.0	1000.0	115000	347.75412	89.19667	441.87872	-1.1664307	347.75385	89.1964	441.113	-1.4165759	347.6699	88.37339	439.53595	-4.1158695	2.939401	4.5120206	48.980873	-15.359476	-348.77414	3.3128812	3.3610804	4.5343437	2188.488790035248
24	5257.159	91.459	5403.9087	5155.439	5631.085	71.00929	5748.799	5483.072	1000.0	1000.0	120000	353.75665	89.07504	446.00183	-2.3879278	353.75653	89.07504	446.4669	-1.6393852	353.66077	88.256035	446.61884	-0.035547495	2.970773	4.4977055	45.616753	-14.002539	-354.7916	3.294025	3.3919663	4.630586	2281.0539000034332
25	5206.16	65.37198	5320.5103	5142.29	5516.3438	77.63618	5693.1885	5424.3643	1000.0	1000.0	125000	359.31027	88.13534	448.82983	-4.9298954	359.31	88.13524	449.09317	2.8042624	359.16504	87.36416	449.12827	-4.448147	3.052506	4.5585713	41.710262	-12.754955	-360.2665	3.3382835	3.459371	4.626502	2372.1328508853912
26	5267.1353	142.72917	5510.2993	5105.721	5715.835	130.38525	5925.1655	5441.4453	1000.0	1000.0	130000	364.22382	87.987625	453.95322	6.7911873	364.22406	87.987305	451.3278	-5.9969935	364.0902	87.16462	450.1367	2.064888	3.0108418	4.508839	44.69395	-13.056099	-365.15146	3.427507	3.4757438	4.709982	2464.9103169441223
27	5369.208	107.10096	5545.6396	5225.813	5877.0996	85.75616	5993.549	5697.1523	1000.0	1000.0	135000	369.44086	86.79368	454.66675	-29.0206	369.44055	86.79399	454.3733	-3.6001492	369.26865	86.04093	452.90363	-7.3100805	2.9998195	4.4927893	50.627964	-12.868518	-370.35876	3.3054855	3.365486	4.635112	2556.461208820343
28	5423.7354	86.48428	5561.0444	5302.766	5767.62	87.18363	5878.776	5583.4863	1000.0	1000.0	140000	374.04416	87.04902	462.23044	1.5259848	374.0441	87.04868	460.82935	-28.946733	373.87662	86.25624	458.93338	-2.1448836	3.0270245	4.490366	44.453842	-15.954906	-374.93146	3.257611	3.3408046	4.560242	2652.0897250175476
29	5406.56	96.70999	5520.166	5257.4375	5844.4717	70.87786	5919.768	5729.4897	1000.0	1000.0	145000	378.25943	87.18719	471.2703	-7.998415	378.259	87.18694	474.40894	-3.685801	378.03833	86.46132	469.42535	-12.1930895	3.0241733	4.480687	43.5778	-14.075641	-379.1144	3.3592293	3.4325984	4.6390185	2748.5773129463196
30	5427.725	60.42635	5501.807	5350.9106	5985.4316	81.52331	6118.197	5851.458	1000.0	1000.0	150000	382.53043	86.358635	477.06842	2.3967721	382.53027	86.35936	475.60956	-5.3021116	382.34677	85.518715	472.8343	3.1018515	3.1161962	4.5186343	43.86149	-14.277157	-383.3909	3.2884183	3.4043179	4.5597296	2838.0639910697937
31	5432.2964	148.15291	5625.7	5246.4907	6008.0103	104.10347	6149.1597	5744.094	1000.0	1000.0	155000	386.8993	85.42509	479.7524	-8.500679	386.899	85.424706	479.66296	-18.45804	386.70135	84.64785	477.2638	-4.3426485	3.118851	4.529725	46.90756	-12.798109	-387.73865	3.290044	3.3693547	4.519489	2933.88116312027
32	5454.758	128.91331	5584.6924	5259.703	5970.89	80.40381	6077.0586	5787.985	1000.0	1000.0	160000	391.21448	84.651276	479.1718	-15.148167	391.2145	84.65091	482.75662	-62.29389	391.003	83.8572	478.58066	-47.44383	3.109877	4.4643755	46.956512	-15.192355	-392.02777	3.3614407	3.4437351	4.6171594	3023.0301909446716
33	5568.254	26.837366	5608.432	5533.0977	5686.6943	744.67267	6031.4883	3463.006	1000.0	1000.0	165000	395.42554	83.670364	483.23663	-3.6041317	395.42557	83.6702	485.4213	-6.2324357	395.1955	82.9032	480.8972	4.621218	3.098239	4.4775314	47.024925	-11.883418	-396.2023	3.2808633	3.3647258	4.392502	3119.9100370407104
34	5608.8047	91.309425	5776.218	5512.1	5858.887	84.74466	5996.4346	5713.8545	1000.0	1000.0	170000	398.91925	83.62492	485.45578	-17.476158	398.91895	83.62474	487.45203	-32.704563	398.66708	82.85913	484.4456	7.312524	3.132018	4.505437	47.850018	-12.408554	-399.66986	3.3226273	3.3420875	4.477496	3215.9432787895203
35	5553.9297	97.333244	5659.0195	5406.717	5883.13	62.888874	5966.1147	5800.546	1000.0	1000.0	175000	402.0963	83.76727	487.45724	-5.2121673	402.09637	83.76675	488.00375	-0.56736326	401.83276	83.01067	486.44547	1.5494261	3.131725	4.496065	39.24257	-14.250634	-402.83	3.3798692	3.471744	4.511614	3309.3710730075836
36	5558.2583	135.98097	5808.1655	5402.352	6094.6147	80.41609	6247.0825	5994.477	1000.0	1000.0	180000	405.6105	82.80923	491.42563	-12.990408	405.6104	82.80905	491.651	-2.6649337	405.3351	82.048256	489.17993	-6.7598705	3.1568372	4.5017886	51.86018	-12.01494	-406.3325	3.3717973	3.4179633	4.463609	3401.009464740753
37	5661.403	141.65208	5836.7207	5445.023	6113.414	46.29592	6190.05	6045.67	1000.0	1000.0	185000	408.69897	82.1688	493.11948	-62.822117	408.6984	82.169014	494.9096	-19.319511	408.4265	81.41416	491.1747	-8.883026	3.1611044	4.508165	47.263016	-13.801947	-409.39835	3.3988414	3.4462733	4.543861	3495.0014951229095
38	5576.075	139.08377	5741.803	5351.0737	6059.329	108.77023	6232.1313	5862.2124	1000.0	1000.0	190000	411.42813	82.40604	494.09427	-30.924204	411.42813	82.406	496.44595	-30.90403	411.1335	81.68069	493.35345	-9.784962	3.1341758	4.4719806	64.02941	-14.638134	-412.1065	3.4071698	3.4287581	4.5547876	3587.2685329914093
39	5630.6484	65.161354	5735.6313	5548.795	6165.3677	84.97558	6343.036	6016.2476	1000.0	1000.0	195000	414.4823	81.92674	497.2159	-1.6252	414.4822	81.926094	497.88223	-4.9407277	414.17947	81.211174	496.05927	1.1005235	3.159027	4.473336	46.64358	-13.380194	-415.14764	3.3541422	3.4165602	4.4631443	3683.7752561569214
40	5686.212	129.56142	5894.2183	5512.93	5965.708	63.986664	6060.227	5876.5195	1000.0	1000.0	200000	417.32202	81.54477	500.4494	-17.957718	417.32205	81.544586	499.9553	-51.440273	417.0143	80.79634	500.46622	-3.0928257	3.1682847	4.4696474	58.957226	-13.636747	-417.9744	3.4219356	3.4823422	4.5274854	3779.997531890869
41	5802.366	96.755104	5919.362	5642.5337	6159.532	76.222115	6258.745	5994.985	1000.0	1000.0	205000	419.62292	82.1331	510.63657	-51.837246	419.62265	82.13292	512.78	-39.10032	419.30087	81.44025	511.69598	-44.343346	3.164464	4.4859967	42.999153	-16.793407	-420.3045	3.5645864	3.6364172	4.681714	3869.196100950241
42	5687.068	85.801384	5809.7153	5563.643	6060.0977	76.08599	6196.9653	5894.982	1000.0	1000.0	210000	422.62738	81.65861	512.79193	-39.647263	422.62753	81.65843	513.27435	-55.281876	422.2975	80.9302	509.31738	-6.903968	3.1966972	4.502333	49.1838	-13.338219	-423.31375	3.5349202	3.5762742	4.615832	3967.454329967499
43	5834.0977	127.82977	6006.468	5661.3906	6115.414	88.04571	6250.1187	6000.938	1000.0	1000.0	215000	425.22342	81.23388	517.4941	-30.616156	425.22314	81.233246	515.1762	-41.710625	424.8958	80.513	514.799	-58.332882	3.1628685	4.4721985	49.019558	-14.176185	-425.8977	3.4980843	3.6165614	4.5736475	4058.3652198314667
44	5811.1973	29.910448	5854.84	5773.1587	6028.1724	63.556835	6162.0415	5942.2334	1000.0	1000.0	220000	427.72354	80.76757	516.22455	-34.202778	427.72357	80.767204	516.18134	-7.1116586	427.39444	80.036995	516.3111	-3.1629019	3.206466	4.474531	48.61415	-12.978629	-428.3938	3.572421	3.5819097	4.5484185	4155.761177778244
45	5805.5283	97.28155	5962.6104	5656.592	6203.5537	76.91357	6323.3496	6061.4253	1000.0	1000.0	225000	430.1565	80.660515	517.32	-33.968437	430.15625	80.660706	519.0955	-22.687233	429.79886	79.989334	518.49695	-22.087982	3.172479	4.451018	47.60659	-13.209184	-430.8101	3.5765507	3.6111689	4.5418267	4250.877065896988
46	5900.997	142.90105	6130.0107	5691.2427	6044.136	89.74067	6285.9927	5932.3613	1000.0	1000.0	230000	432.28308	80.99604	520.0602	-35.667397	432.28317	80.99576	520.3049	-46.516514	431.92227	80.3	518.61237	-8.066903	3.2222347	4.4405584	41.983765	-13.559311	-432.9242	3.6594117	3.727057	4.7299304	4343.581824064255
47	5770.87	79.35114	5843.0117	5631.5723	6243.874	99.77672	6387.7095	6034.933	1000.0	1000.0	235000	434.5259	80.443855	521.8446	-31.022554	434.52573	80.44337	521.2164	-46.500656	434.1682	79.7418	519.6004	-2.3305697	3.1834705	4.4012384	42.509735	-12.437202	-435.1859	3.672176	3.7035344	4.632004	4436.085281133652
48	5927.3545	174.8551	6163.793	5693.889	6144.0264	79.556786	6287.65	6030.522	1000.0	1000.0	240000	436.7697	80.51032	525.4913	-33.820232	436.76984	80.510376	525.3053	-42.339455	436.38782	79.861694	525.3744	-4.7064295	3.2140193	4.4150248	49.391987	-14.229479	-437.40945	3.6848211	3.7563868	4.701456	4528.783852100372
49	5947.0776	98.76578	6095.7715	5786.232	6267.9717	139.9516	6425.3257	6023.265	1000.0	1000.0	245000	439.14508	79.49165	526.6189	-3.7186873	439.1453	79.490845	525.5585	-26.440865	438.79468	78.7367	524.22107	-1.349751	3.2532496	4.4592857	51.798252	-13.496663	-439.80386	3.6352844	3.6884437	4.6356244	4618.230425834656
50	5972.6865	141.066	6232.612	5808.1304	6483.954	81.111465	6668.9688	6385.4854	1000.0	1000.0	250000	441.65668	78.43096	530.221	-4.309164	441.6565	78.43079	528.5306	-5.233638	441.28168	77.75201	527.5516	-14.503111	3.2670107	4.446578	43.777725	-15.240712	-442.2728	3.738846	3.8072438	4.7423143	4711.997428894043
51	5898.872	123.54433	6098.637	5720.9746	6335.7036	106.98019	6469.7227	6128.9487	1000.0	1000.0	255000	443.6076	78.93057	530.7542	-9.868664	443.60785	78.93019	530.5468	-0.05313301	443.22916	78.252556	529.2715	-4.8100843	3.2679543	4.435743	45.376995	-14.612715	-444.21356	3.6918187	3.7378657	4.6504884	4804.295253038406
52	5977.8057	188.2816	6195.392	5744.203	6193.159	102.08164	6296.5806	5987.202	1000.0	1000.0	260000	445.68604	78.53402	531.6987	-6.730839	445.68597	78.533134	531.37	-14.273577	445.30283	77.82934	528.5501	-9.5946865	3.2446203	4.4377556	46.6579	-14.5413	-446.2798	3.7539003	3.8261359	4.722022	4890.73859000206
53	6041.7373	138.96352	6228.383	5836.9526	6469.7314	94.134514	6611.331	6299.8906	1000.0	1000.0	265000	447.9432	78.07703	532.6905	-9.9639435	447.94315	78.076225	532.3743	-16.301237	447.5519	77.393166	533.2094	-29.409132	3.2932408	4.4622827	49.148746	-15.151437	-448.5262	3.8230255	3.849115	4.7418947	4985.556681871414
54	6012.1064	101.34488	6191.1245	5886.8916	6431.99	97.98994	6676.285	6344.792	1000.0	1000.0	270000	450.5839	76.928375	535.4902	-14.371706	450.58386	76.92809	535.12213	-21.719177	450.19016	76.24386	533.085	-34.204132	3.3336108	4.4382463	43.350292	-14.412941	-451.1673	3.8833094	3.9582672	4.785557	5071.293253898621
55	5991.037	114.42106	6161.3403	5826.8223	6480.4795	97.486824	6600.787	6296.706	1000.0	1000.0	275000	452.391	76.86444	535.8487	-19.160088	452.39102	76.86389	534.4505	-50.423985	451.99268	76.187706	534.04425	-11.14279	3.2819502	4.421613	41.979313	-12.423504	-452.97964	3.86673	3.9083507	4.730705	5167.5890209674835
56	6085.9346	97.85654	6189.3384	5901.5874	6295.6724	106.65161	6483.9136	6094.6855	1000.0	1000.0	280000	454.1922	77.3464	540.8949	-23.84964	454.1921	77.346504	538.0435	-15.219418	453.7798	76.70269	536.6851	-13.666921	3.3013635	4.406711	58.400345	-14.906032	-454.76526	3.9124234	3.9892113	4.8316116	5258.768224000931
57	5969.6743	129.25269	6089.423	5718.7207	6225.005	105.869026	6422.1655	6039.7646	1000.0	1000.0	285000	456.37503	77.284904	539.85596	-4.2141175	456.37497	77.28461	538.7263	-2.7496626	455.9873	76.59731	537.7561	-24.233677	3.3295567	4.4090366	40.96787	-14.200571	-456.952	4.0142617	4.068037	4.9902735	5345.911321878433
58	6108.871	136.25055	6310.881	5902.537	6587.807	141.18132	6880.732	6365.814	1000.0	1000.0	290000	458.6502	76.22654	539.31573	-36.418785	458.6501	76.225655	540.4847	-28.710613	458.24283	75.55611	538.3927	-5.7491684	3.3160028	4.420236	48.295734	-15.333382	-459.2019	3.8868234	3.96344	4.7473803	5440.767544031143
59	6133.6797	115.61848	6256.222	5913.5254	6354.566	91.47084	6463.531	6197.909	1000.0	1000.0	295000	460.30157	75.96246	541.9279	-38.805584	460.3016	75.96248	541.16254	-65.3284	459.8784	75.31344	542.2278	-41.30672	3.2882814	4.4310923	39.844868	-12.919374	-460.82376	3.8162649	3.8630383	4.618213	5528.421757936478
60	6158.8115	146.99496	6323.5835	5923.409	6320.7876	121.60028	6534.788	6051.65	1000.0	1000.0	300000	461.67105	76.64244	546.96356	-4.021149	461.67087	76.64164	543.6842	-9.907174	461.259	75.97974	541.32587	0.07435107	3.311858	4.379373	42.67593	-16.146334	-462.21	3.8479683	3.9247675	4.636897	5623.836585998535
61	6204.362	86.9233	6313.876	6063.711	6388.7075	299.46973	6677.949	5526.017	1000.0	1000.0	305000	463.7113	75.65671	545.4734	-18.124765	463.71146	75.656784	544.3799	-25.991634	463.2897	74.986496	543.1915	-5.556282	3.3644748	4.4241605	38.53908	-12.843949	-464.2436	3.952175	4.021249	4.751428	5716.510221004486
62	5405.027	1544.8776	6375.1016	2324.6501	6333.368	529.53644	6593.1895	4749.649	1000.0	1000.0	310000	464.748	76.740654	547.8975	-86.15262	464.74792	76.740135	547.0617	-69.55398	464.32175	76.10276	546.5572	-74.23121	3.3297837	4.3885393	52.53471	-14.663752	-465.2759	4.0272	4.0854926	4.9234643	5805.218626022339
63	6282.17	86.82698	6364.3477	6117.7007	6569.31	70.3768	6675.375	6425.057	1000.0	1000.0	315000	466.11343	77.74631	549.8237	-75.96079	466.11343	77.745155	551.098	-66.447174	465.67056	77.09412	552.52234	-68.77891	3.320763	4.4125566	46.504894	-13.494222	-466.634	4.2068725	4.202968	5.034595	5897.810989141464
64	6270.9814	182.60323	6489.38	5952.5967	6686.5166	104.83783	6823.7427	6545.977	1000.0	1000.0	320000	467.62372	77.68511	551.06354	-89.298836	467.62366	77.684944	549.6162	-109.76408	467.18442	77.052055	552.0639	-70.4913	3.3362496	4.4091396	49.980038	-14.361701	-468.164	4.2134123	4.270051	5.0743165	5985.825080871582
65	6280.011	84.43241	6415.7334	6190.229	6733.5303	105.777695	6885.866	6562.518	1000.0	1000.0	325000	469.32968	77.39466	553.98865	-124.88145	469.32965	77.39432	552.90466	-98.92598	468.88712	76.747185	552.1161	-91.23526	3.373068	4.4314103	48.558895	-14.819405	-469.85825	4.3876996	4.4051137	5.1879244	6077.378658771515
66	6197.7334	146.56981	6385.549	6016.451	6854.275	94.18832	7011.8115	6689.7295	1000.0	1000.0	330000	471.37717	76.76087	555.3655	-71.79161	471.37695	76.76006	555.26465	-68.0558	470.9332	76.12797	555.5445	-54.35939	3.388522	4.4369316	55.07403	-14.2526	-471.9043	4.198055	4.2802277	5.057983	6174.96023774147
67	6278.9873	81.34093	6416.763	6208.3677	6528.6216	322.45947	6826.7812	5639.61	1000.0	1000.0	335000	472.83838	77.57472	558.62537	-73.9275	472.8384	77.57473	558.1938	-68.87679	472.3952	76.94748	557.93524	-61.69787	3.4664192	4.4705787	47.891758	-13.584465	-473.3687	4.256632	4.3446293	5.1293783	6266.415745973587
68	6348.3643	182.37433	6556.2056	6012.4243	6744.749	120.9838	6960.465	6612.042	1000.0	1000.0	340000	474.51172	76.94407	558.6139	-37.30289	474.5118	76.9433	558.32764	-16.67024	474.05	76.33782	557.4028	-22.51391	3.4227378	4.420274	58.828304	-14.115337	-475.02264	4.2373	4.2610188	4.9152546	6356.773055076599
69	6215.2314	108.726425	6317.3975	6020.6772	6379.5854	884.0166	6803.6465	3745.68	1000.0	1000.0	345000	475.89688	76.98743	558.0197	-73.672905	475.89694	76.986496	559.274	-72.023285	475.43903	76.32605	561.8521	-67.92695	3.4654312	4.473251	49.78116	-14.421231	-476.41205	4.3237085	4.3588824	5.17818	6448.782673835754
70	6421.6846	143.29285	6670.772	6230.0664	6617.118	90.80972	6744.8677	6412.2437	1000.0	1000.0	350000	477.38705	76.58729	569.585	-75.60026	477.3869	76.58818	570.7241	-93.93806	476.92432	75.981285	569.99927	-112.386345	3.4118454	4.4569883	47.587326	-13.142349	-477.88525	4.322718	4.359697	5.1038017	6538.7081418037415
71	6378.827	114.68183	6552.8184	6202.098	6919.2124	94.794426	7072.2104	6781.3022	1000.0	1000.0	355000	479.0579	76.59123	573.5231	-29.742401	479.05786	76.591446	576.1913	-24.372396	478.614	75.944145	574.38446	-28.192097	3.475072	4.4774117	57.553295	-15.501062	-479.5754	4.2386646	4.319506	5.054105	6635.377086877823
72	6312.695	107.49555	6447.2188	6161.131	6847.529	156.98016	7149.3994	6617.5435	1000.0	1000.0	360000	481.23764	75.89476	574.56274	-87.02051	481.23755	75.8951	580.9153	-62.28528	480.77612	75.27666	571.454	-61.06256	3.4556472	4.449431	49.497337	-13.79166	-481.7274	4.245792	4.2783537	4.9868226	6729.327918767929
73	6449.833	99.02015	6537.916	6289.1626	6460.5703	834.1031	6859.4097	3974.3145	1000.0	1000.0	365000	482.53958	75.747375	575.4148	-159.65898	482.5399	75.74641	577.83606	-132.7105	482.07086	75.12638	573.74884	-82.17515	3.448761	4.406122	62.974	-13.178326	-483.0302	4.342962	4.347203	5.1092353	6816.089812040329
74	6520.479	77.276924	6637.03	6400.1787	6861.0767	94.03863	7001.0884	6684.4834	1000.0	1000.0	370000	484.272	75.34074	578.52277	-61.80038	484.27197	75.34066	579.0018	-94.36927	483.80084	74.7213	576.0216	-81.88159	3.4797037	4.4361444	49.09474	-13.169234	-484.76755	4.297635	4.292739	4.9902277	6913.318159818649
75	6398.7563	142.60269	6620.8516	6183.8125	6295.09	1945.8821	7117.3457	464.49396	1000.0	1000.0	375000	485.4963	75.77785	575.5472	-36.348763	485.49622	75.77806	578.0844	-48.829025	485.02084	75.154564	576.60046	-68.66185	3.5330389	4.455851	66.93946	-15.4267845	-485.98416	4.4142423	4.4740443	5.190598	7001.421325922012
76	6587.8735	200.86552	6852.9883	6350.262	7045.0234	132.62015	7212.5293	6813.327	1000.0	1000.0	380000	487.07047	75.41061	578.9169	-63.258575	487.07028	75.410866	582.2058	-62.73958	486.59055	74.78814	578.20996	-34.086063	3.5521922	4.454848	50.45359	-14.242727	-487.5664	4.416067	4.4772077	5.221403	7096.727119922638
77	6460.1455	52.447636	6561.0947	6422.5186	6919.6187	84.95497	7080.572	6793.7173	1000.0	1000.0	385000	488.31854	75.62141	582.6054	-47.93197	488.31885	75.620544	583.18005	-52.17353	487.84473	75.00437	578.67444	-46.487762	3.505331	4.4486527	42.120495	-14.749871	-488.8251	4.326757	4.35475	5.049429	7192.568564891815
78	6509.8267	57.626133	6575.6113	6403.4526	6949.034	122.75984	7152.0635	6741.9937	1000.0	1000.0	390000	489.67285	75.6768	586.27124	-65.41989	489.67307	75.676926	589.2659	-69.991554	489.1903	75.07437	582.6862	-27.239712	3.5400043	4.4538226	52.828335	-13.328012	-490.1903	4.5262375	4.5235195	5.3353767	7280.004166841507
79	6560.384	207.06447	6770.432	6264.6514	6991.8	115.8072	7305.2964	6860.098	1000.0	1000.0	395000	491.35992	74.17336	580.65326	-24.188145	491.35995	74.173035	583.0578	-59.36431	490.88568	73.50434	579.6563	-24.43434	3.5494366	4.4354734	56.237156	-14.10022	-491.8565	4.465793	4.4747667	5.0776734	7388.439842939377
80	6571.388	91.253876	6673.885	6448.5215	7227.378	144.68382	7479.6055	6934.9756	1000.0	1000.0	400000	492.54486	74.15384	582.1973	-22.906477	492.54477	74.15318	585.0332	-15.17359	492.0603	73.543434	580.34326	-27.767925	3.5285726	4.4219985	56.83874	-18.978266	-493.0247	4.328353	4.377177	4.9980717	7486.376364946365
81	6124.078	1160.6206	6960.484	3820.196	7011.4663	101.587006	7167.9688	6813.8047	1000.0	1000.0	405000	493.76285	74.21168	585.6105	-62.853428	493.76282	74.21226	586.97595	-76.35348	493.2584	73.59877	585.8395	-37.648903	3.4960227	4.4155407	58.85845	-15.171403	-494.2273	4.4987307	4.526344	5.1521897	7591.86864900589
82	6616.221	144.90381	6800.6377	6356.5356	7197.974	113.31124	7357.608	7033.3374	1000.0	1000.0	410000	494.23346	76.38722	581.896	-55.078556	494.23358	76.38731	584.92633	-33.117798	493.7119	75.82559	585.08875	-73.006096	3.5021393	4.4099097	68.17355	-13.908115	-494.7109	4.633652	4.675725	5.2572737	7701.650059938431
83	6514.1816	142.85376	6657.201	6239.6753	6679.3804	1112.2369	7180.199	3348.9197	1000.0	1000.0	415000	495.34918	76.08384	586.7217	-55.691383	495.34915	76.08257	586.9051	-53.21687	494.86307	75.41858	585.44696	-49.84736	3.6194715	4.4779687	51.75439	-12.70974	-495.8595	4.593406	4.619957	5.217032	7795.0972328186035
84	6588.6953	56.67423	6659.192	6485.5215	7038.3945	121.45232	7199.4805	6765.856	1000.0	1000.0	420000	497.20883	75.74377	587.23364	-71.23444	497.2088	75.743164	589.8752	-78.915504	496.688	75.17607	584.3418	-77.962135	3.5834334	4.433378	65.26695	-14.218733	-497.7008	4.5964828	4.7075305	5.3677955	7890.005644083023
85	6631.843	50.617905	6731.457	6593.2075	7201.595	106.97556	7388.975	6971.8975	1000.0	1000.0	425000	498.14154	76.03466	588.04803	-56.95012	498.14178	76.03433	590.5877	-83.83517	497.6199	75.405304	588.4821	-65.50517	3.5934763	4.4483404	48.708183	-13.374507	-498.6581	4.891488	4.9489255	5.5542116	7984.356376886368
86	6597.9243	92.62228	6783.0195	6547.1514	7310.8467	143.89612	7633.5146	7149.575	1000.0	1000.0	430000	499.4665	74.537384	590.92725	-86.99875	499.46646	74.53531	589.932	-77.28493	498.95703	73.885216	588.32	-119.35678	3.6607935	4.4582963	45.08004	-13.289372	-499.97845	4.8272033	4.8479295	5.460843	8081.291743993759
87	6873.9795	134.21658	7011.4224	6619.7803	7121.001	487.78394	7575.3115	5713.3594	1000.0	1000.0	435000	500.74432	74.44271	592.7212	-81.972275	500.7443	74.443146	591.66547	-50.334854	500.2308	73.80979	593.79553	-47.36464	3.6153684	4.408957	42.943775	-11.918771	-501.22794	4.707694	4.736855	5.3311915	8185.9272429943085
88	6779.3936	71.933525	6869.383	6654.772	7374.3	141.52896	7660.879	7138.706	1000.0	1000.0	440000	502.48514	74.193054	593.87506	-41.07235	502.485	74.19295	594.8003	-39.96497	501.9796	73.59327	593.91797	-19.418747	3.6228745	4.447927	49.15575	-13.163121	-502.9823	4.7014747	4.7534814	5.2586102	8283.476718902588
89	6745.936	172.57213	6940.387	6463.9316	7312.1353	110.74712	7529.7495	7083.0737	1000.0	1000.0	445000	504.12445	74.30069	597.99725	-45.89139	504.12436	74.29977	597.26843	-26.296104	503.59787	73.68806	594.2689	-37.7098	3.6367667	4.426635	51.83618	-13.972607	-504.6114	4.716457	4.768033	5.275185	8376.034924983978
90	6943.9062	194.97598	7317.147	6786.4536	6956.1924	128.10774	7201.7964	6696.1133	1000.0	1000.0	450000	505.1199	74.260155	597.9595	-21.304415	505.12024	74.25935	599.4398	-12.961365	504.5953	73.63859	597.013	-46.256947	3.5968344	4.4660983	48.348972	-13.227023	-505.6037	4.8093185	4.86242	5.3011045	8473.672731876373
91	6785.677	236.68819	7017.682	6343.766	7370.122	124.408775	7567.6836	7093.2188	1000.0	1000.0	455000	506.52155	73.88481	600.4824	-34.94404	506.52148	73.8852	600.89777	-43.46633	505.9895	73.276855	599.46564	-60.161068	3.6883488	4.4808865	57.919697	-15.993155	-506.9808	4.932428	4.998217	5.536156	8569.453518867493
92	5623.2173	2314.413	7013.7397	1007.33966	7303.6396	134.19667	7506.216	7101.704	1000.0	1000.0	460000	507.2152	74.879524	603.58527	-68.46741	507.21545	74.878395	602.41595	-55.366924	506.6714	74.25037	601.8752	-31.173622	3.6937032	4.4342327	51.744316	-14.33307	-507.63525	4.9506435	4.9896812	5.614275	8670.499215841293
93	6797.85	237.35796	7050.6987	6412.978	7127.4297	156.5352	7344.448	6810.2534	1000.0	1000.0	465000	507.74518	75.82363	602.0256	-72.691055	507.74515	75.82407	601.654	-87.534805	507.17615	75.28268	603.55646	-86.90849	3.684518	4.459508	49.856525	-15.293695	-508.1884	5.3453937	5.3347764	5.8998604	8798.093946933746
94	6826.178	125.04066	7017.5845	6648.439	7396.384	141.46887	7713.544	7232.0747	1000.0	1000.0	470000	507.68036	78.50907	601.15796	-46.717876	507.6804	78.5085	601.7854	-45.390568	507.1042	78.01169	599.72046	-46.70444	3.7102106	4.4929404	55.872326	-13.217458	-508.141	5.388803	5.489022	6.0994353	8890.374886989594
95	6907.772	98.22281	6997.1616	6731.467	7510.6577	160.04451	7773.068	7154.837	1000.0	1000.0	475000	509.00812	78.51249	607.8433	-74.55189	509.00812	78.51197	609.02527	-67.81022	508.44003	77.95782	600.4142	-109.838135	3.7350078	4.4740996	52.483215	-12.417839	-509.48	5.304101	5.3192644	5.8997383	8991.202523946762
96	6990.673	136.60155	7107.9463	6725.3906	7238.428	93.42516	7449.766	7158.599	1000.0	1000.0	480000	510.1774	79.003204	611.9021	-117.43106	510.17743	79.00281	613.077	-110.58517	509.60522	78.45776	608.16907	-103.04411	3.784481	4.5116367	52.485153	-13.147806	-510.6515	5.4366446	5.451054	6.02408	9088.084599018097
97	6915.568	185.98941	7104.352	6580.091	7465.6123	103.63363	7643.037	7290.632	1000.0	1000.0	485000	511.16068	79.24024	613.4795	-122.9854	511.16068	79.240814	614.2493	-127.71919	510.5814	78.67642	615.0242	-126.187675	3.7680936	4.4490986	60.613132	-13.746497	-511.6088	5.579159	5.6489162	6.1755276	9180.203680038452
98	7030.5264	187.25476	7348.119	6833.989	7513.1313	122.24725	7699.3667	7300.7964	1000.0	1000.0	490000	512.13214	78.96837	616.3866	-129.62852	512.132	78.96832	616.423	-180.88321	511.56937	78.36879	616.10364	-131.86137	3.8413296	4.5146413	57.177734	-12.676334	-512.5843	5.5675883	5.589808	6.2258806	9290.227744102478
99	6804.728	98.150215	6935.5425	6657.385	7296.591	137.55438	7537.577	7119.7417	1000.0	1000.0	495000	513.2543	78.780174	613.13916	-91.32993	513.25433	78.780365	613.6166	-94.63292	512.6648	78.228294	612.8675	-110.29905	3.8695388	4.4428325	50.488846	-12.768159	-513.6916	5.4879546	5.51492	6.0377088	9392.644617080688
100	6982.534	159.48972	7211.115	6790.762	7413.954	140.06021	7597.3267	7212.8945	1000.0	1000.0	500000	514.149	78.44957	613.8356	-116.468155	514.1493	78.448326	613.4499	-118.89046	513.53864	77.9119	614.9396	-118.98503	3.8532732	4.471002	56.68705	-12.851465	-514.5682	5.569856	5.6237507	6.219857	9487.380567073822
101	7046.236	132.20663	7245.126	6828.605	7243.4624	985.7282	7763.699	4308.058	1000.0	1000.0	505000	515.2412	78.72324	615.50586	-130.06506	515.24115	78.72274	616.0704	-128.00703	514.64056	78.119286	612.8713	-127.94067	3.8512323	4.469608	50.76935	-15.322656	-515.6608	5.6295533	5.640273	6.09254	9588.006021976471
102	6907.8423	192.67313	7160.7886	6572.6665	7472.4023	97.19573	7661.3594	7351.919	1000.0	1000.0	510000	516.1935	78.78582	619.4804	-123.278305	516.19336	78.7866	619.1779	-120.269325	515.6081	78.24777	618.4699	-120.36605	3.8748753	4.463408	52.8303	-13.537676	-516.6408	5.431196	5.4606795	5.8839874	9681.260596036911
103	6903.1904	108.16929	7095.206	6770.642	6538.3857	1668.4066	7498.2866	1576.2633	1000.0	1000.0	515000	517.5412	78.13091	617.49695	-109.478065	517.5413	78.13029	623.536	-113.08379	516.9462	77.50034	618.53046	-105.05079	3.8897376	4.4815826	64.19585	-12.8327	-517.9754	5.614626	5.6312675	6.0071273	9783.347035884857
104	7044.419	108.369736	7217.08	6927.795	7434.46	110.49207	7658.67	7298.424	1000.0	1000.0	520000	518.6132	77.139946	622.9026	-59.5466	518.61334	77.13885	622.5112	-84.407265	518.0194	76.51766	623.95355	-60.159035	3.9799607	4.485005	54.14953	-13.826973	-519.0473	5.503208	5.534471	5.971955	9879.023280858994
105	6325.796	1493.2375	7159.11	3341.8499	7373.302	213.20268	7645.7466	6923.66	1000.0	1000.0	525000	519.8138	77.4169	621.85706	-270.88605	519.8141	77.41654	619.3094	-342.38443	519.2089	76.8018	620.4075	-378.4617	3.951761	4.470182	58.839504	-14.135883	-520.2479	5.834416	5.8892493	6.174091	9980.235762834549
106	7021.962	78.440765	7131.5615	6890.8525	7552.3955	139.19548	7737.9917	7374.9565	1000.0	1000.0	530000	520.4816	76.71269	619.5904	-122.8457	520.4815	76.71154	622.23395	-161.73808	519.88965	76.04345	623.09656	-239.2796	4.003401	4.4836736	51.856236	-13.518398	-520.90686	5.8197093	5.938696	6.1543245	10091.387362718582
107	7019.319	211.03079	7261.91	6691.498	7512.4346	142.02394	7775.07	7235.017	1000.0	1000.0	535000	521.3635	76.80065	621.72125	-209.09535	521.3632	76.80095	622.87756	-156.97539	520.75525	76.254875	621.17993	-217.67397	3.9620779	4.450796	54.526756	-13.623198	-521.7719	5.605036	5.6053877	5.9548554	10186.203160762787
108	7066.7085	149.04483	7236.484	6833.1616	7411.1396	133.70207	7700.138	7229.6406	1000.0	1000.0	540000	522.48737	77.60659	620.2796	-137.39388	522.4873	77.60676	620.4329	-220.68044	521.8822	77.05625	622.48596	-176.44487	3.9657614	4.434102	52.754997	-14.258839	-522.8777	5.651999	5.7501264	6.035775	10290.213424921036
109	7076.0195	178.46744	7271.3037	6813.3833	7401.7305	100.04029	7658.165	7266.727	1000.0	1000.0	545000	523.90466	76.629715	624.0184	-144.51534	523.9046	76.62958	625.1977	-155.42723	523.2979	76.00053	622.78925	-168.4567	3.975631	4.450477	53.837276	-12.83049	-524.2987	5.7929783	5.8945265	5.965267	10404.038300991058
110	7004.71	195.09642	7246.6704	6685.053	7588.1562	187.54036	7814.2456	7214.1797	1000.0	1000.0	550000	525.5588	76.205414	624.24744	-176.32132	525.5588	76.204315	625.7131	-156.24704	524.9737	75.62662	626.6959	-172.25357	4.04437	4.5010715	57.21715	-12.389935	-525.971	5.5781355	5.6526694	6.07468	10501.387698888779
111	7218.702	125.83923	7444.066	7095.1084	5536.257	2577.6655	7650.28	468.2451	1000.0	1000.0	555000	526.76355	77.48984	629.0037	-293.00235	526.7633	77.49077	627.15375	-264.76343	526.16455	76.91978	626.2009	-215.62209	4.039655	4.506503	54.660755	-13.4786415	-527.1872	5.792276	5.9459867	6.21463	10599.435518026352
112	7055.573	92.9226	7208.0513	6959.9546	7569.789	127.57597	7803.526	7368.51	1000.0	1000.0	560000	528.1396	77.47048	628.8551	-314.27542	528.13995	77.46942	627.01337	-380.01135	527.52936	76.914665	628.0524	-358.8591	4.062396	4.4848137	48.96594	-14.029858	-528.5545	6.0251985	6.1486053	6.311817	10696.524495840073
113	7263.204	155.21016	7438.18	7077.422	7628.353	185.0341	8158.831	7472.3	1000.0	1000.0	565000	529.0169	77.235214	627.7096	-219.08789	529.01636	77.23669	627.64166	-237.1055	528.3716	76.67985	628.5268	-287.83356	4.0004244	4.4304695	47.998463	-15.312878	-529.3972	5.9063516	5.991146	6.3252673	10793.84468793869
114	7321.5312	116.69842	7471.2505	7152.503	7063.103	1318.9827	7644.113	3112.591	1000.0	1000.0	570000	529.5977	77.960464	631.31793	-165.0186	529.59784	77.96035	627.73535	-173.05144	528.9837	77.3916	627.60187	-176.95497	4.07741	4.4599934	52.733826	-13.839699	-530.0026	6.0577493	6.142205	6.3289537	10897.12658405304
115	7153.4585	117.139206	7224.266	6919.8076	7837.8447	166.38586	8046.861	7586.7983	1000.0	1000.0	575000	530.85944	78.51765	629.68207	-185.49538	530.8594	78.5181	631.9784	-167.65215	530.247	77.93693	630.1011	-166.85847	4.088485	4.4703393	48.314762	-14.890088	-531.2699	5.8693	5.9149375	6.0850234	10996.502982854843
116	7166.65	77.1494	7297.824	7082.0737	7627.0674	144.8884	7974.435	7454.4165	1000.0	1000.0	580000	531.8612	77.29624	629.3932	-175.88731	531.8612	77.29609	630.1475	-157.02231	531.21515	76.70942	629.88354	-188.11804	4.087449	4.4812446	58.00889	-11.9993725	-532.2335	5.8746386	5.922428	6.108173	11091.494725942612
117	7175.3774	158.2422	7416.554	7001.326	7602.6104	518.1336	7985.6787	6095.9956	1000.0	1000.0	585000	532.35956	78.0712	631.20905	-220.20335	532.3593	78.070816	631.21295	-225.29745	531.7128	77.490746	630.6288	-229.84627	4.0370398	4.475744	58.18014	-15.693024	-532.74243	6.4723024	6.4248943	6.484736	11193.863458871841
118	7335.275	124.22273	7516.1934	7187.5654	7469.096	170.14787	7704.4995	7264.3784	1000.0	1000.0	590000	533.8036	77.72609	633.41974	-149.06061	533.8035	77.72708	634.98065	-128.16693	533.1662	77.16079	635.40045	-163.93092	4.1261587	4.468793	56.89563	-13.285828	-534.1951	6.139593	6.1596413	6.143567	11292.562777757645
119	7127.724	181.05707	7318.437	6828.7886	7457.372	180.76572	7748.7207	7192.3564	1000.0	1000.0	595000	535.0603	77.19102	634.79254	-104.18979	535.0604	77.19124	633.9343	-128.05995	534.4382	76.55232	632.25226	-101.704666	4.1234264	4.4834642	53.085068	-13.305971	-535.4568	5.863014	5.908498	6.1542563	11393.707437038422
120	6039.892	2324.184	7298.4644	1392.8727	5567.6914	2720.0527	8096.9937	676.9373	1000.0	1000.0	600000	535.6116	78.27769	638.5351	-133.35983	535.61145	78.276985	637.29126	-160.80673	534.97095	77.71004	636.0768	-110.93225	4.1140614	4.4482174	51.14436	-12.152013	-535.9816	6.1216264	6.1006827	6.204716	11495.004975795746
121	6583.697	1076.8739	7254.4487	4441.05	7574.664	116.591446	7796.3213	7352.4424	1000.0	1000.0	605000	536.11224	80.512505	637.2611	-187.37889	536.11224	80.511986	640.47705	-199.3113	535.43866	80.05852	634.85486	-179.54625	4.0443006	4.453003	55.05967	-12.980312	-536.4852	6.421423	6.4488206	6.5447006	11593.096015930176
122	7160.052	145.81972	7289.8555	6884.153	7667.8916	157.40434	7989.5317	7447.8184	1000.0	1000.0	610000	536.57904	81.18551	639.5585	-231.96391	536.5791	81.18897	636.90607	-263.81866	535.93274	80.60011	636.4694	-341.29904	4.1550326	4.489095	68.7701	-14.654514	-536.955	6.284155	6.254929	6.3225546	11694.95656299591
123	7249.264	227.49716	7529.276	6916.9736	7694.8765	155.46407	7927.8594	7475.834	1000.0	1000.0	615000	537.55695	80.52479	638.9549	-192.05913	537.5567	80.52261	639.6174	-199.5533	536.9063	79.94378	636.2692	-175.2411	4.1455836	4.4802866	47.123936	-12.3164425	-537.9122	6.099252	6.1177635	6.276242	11796.25135588646
124	7262.147	118.455666	7439.41	7112.722	7667.736	128.4952	7826.1465	7387.359	1000.0	1000.0	620000	538.01746	81.15653	636.9172	-316.22418	538.0172	81.15984	640.9746	-472.44016	537.35156	80.62065	638.80225	-307.44006	4.1512403	4.480815	47.92107	-13.526816	-538.37775	6.6537867	6.7716694	6.898775	11891.957128047943
125	7242.1406	143.83762	7441.3677	7016.9766	7804.0244	89.883415	7918.628	7657.6646	1000.0	1000.0	625000	538.9474	80.71046	640.74023	-324.80087	538.9472	80.7121	639.85315	-290.14774	538.2514	80.20506	638.562	-448.08517	4.2002335	4.497985	57.31182	-14.775489	-539.3223	6.83441	6.7740693	6.749847	11997.919649124146
126	7266.801	145.80243	7535.83	7117.002	7656.9717	160.03864	7870.263	7380.2256	1000.0	1000.0	630000	538.81354	82.40379	642.2261	-405.2303	538.8135	82.40117	638.87476	-364.94824	538.134	81.906845	636.26324	-380.52563	4.2253046	4.4801292	54.177452	-13.388249	-539.1788	6.6552916	6.8002687	6.9241266	12107.796086072922
127	7340.1533	251.91148	7574.743	6894.318	7851.529	141.91328	8107.076	7563.4053	1000.0	1000.0	635000	539.49	82.61514	638.98175	-356.5351	539.4899	82.615746	640.6333	-288.22067	538.8019	82.06229	639.6418	-318.67715	4.2641225	4.4778376	52.600807	-13.024584	-539.8716	7.1617203	7.243911	7.0953884	12215.924369812012
128	7325.372	139.17703	7496.732	7138.6157	7761.0654	159.18878	7980.86	7495.8677	1000.0	1000.0	640000	539.9437	82.37528	640.68774	-203.36063	539.9437	82.375824	639.5084	-199.68661	539.25934	81.818474	639.5322	-197.33624	4.2246194	4.510672	47.23819	-13.208246	-540.2947	6.704797	6.7099643	6.62682	12332.211077928543
