Epoch	AverageEpRet	StdEpRet	MaxEpRet	MinEpRet	AverageTestEpRet	StdTestEpRet	MaxTestEpRet	MinTestEpRet	EpLen	TestEpLen	TotalEnvInteracts	AverageQ1Vals	StdQ1Vals	MaxQ1Vals	MinQ1Vals	AverageQ2Vals	StdQ2Vals	MaxQ2Vals	MinQ2Vals	LossPi	LossQ	Time
1	-266.20844	74.65181	-183.97816	-395.14642	-594.37555	1.3204517	-591.5781	-596.68097	1000.0	1000.0	5000	3.5814724	4.067465	24.395824	-6.485854	3.5808036	4.0685377	24.20773	-6.5474143	-5.0201545	0.5930084	73.06706595420837
2	-351.52573	89.56252	-255.9638	-515.0547	-557.2402	2.2846742	-553.52826	-559.901	1000.0	1000.0	10000	17.710175	7.220717	42.702576	-4.7412057	17.709808	7.2203913	42.04827	-4.453593	-20.373552	1.8192445	143.34119296073914
3	-318.77377	229.01567	113.796425	-520.4088	33.090973	80.08069	229.94885	-68.97662	1000.0	1000.0	15000	29.97243	5.1769595	51.19971	-1.3732537	29.972363	5.176128	49.58276	-3.7106059	-31.903994	2.0970366	216.64054203033447
4	187.54076	672.2785	1089.9688	-923.4486	1141.6104	88.0263	1340.1874	996.32837	1000.0	1000.0	20000	32.025677	5.996947	57.60279	-14.329998	32.02544	5.9969788	57.402897	-14.925074	-33.081482	2.0814312	295.68894600868225
5	1368.72	213.53339	1657.6189	1050.6992	207.36829	183.03273	516.5831	-115.00948	1000.0	1000.0	25000	36.27615	9.079304	72.32157	-1.1924887	36.276264	9.079508	73.13612	-0.889642	-37.79763	2.611515	383.5943648815155
6	-38.27184	924.2503	1592.8153	-774.78314	-415.9737	243.78404	110.14923	-632.5613	1000.0	1000.0	30000	46.502396	11.083115	87.30481	9.380155	46.502094	11.08439	86.15527	9.77057	-48.517338	4.7358904	464.70942902565
7	790.3299	1021.955	2088.4307	-652.77905	2365.0112	228.32852	2617.8135	1839.3143	1000.0	1000.0	35000	51.282677	17.030983	105.50665	-7.4404874	51.28272	17.031208	106.83481	-5.3137083	-52.60297	5.0886674	548.4210269451141
8	2407.206	170.51035	2691.653	2178.832	2483.5178	151.77052	2736.351	2201.669	1000.0	1000.0	40000	59.655037	24.866602	129.06282	-19.56887	59.655045	24.866564	129.40176	-18.102999	-61.251324	6.766275	626.8803799152374
9	2792.104	156.22685	3021.3564	2617.9475	2956.8137	785.20123	3409.435	639.1956	1000.0	1000.0	45000	73.45753	31.85537	164.06778	-21.34299	73.45739	31.855524	164.71149	-21.860584	-75.30394	9.079685	714.9606850147247
10	2822.0854	799.59784	3357.2751	1232.3625	3483.2466	70.156975	3652.731	3389.739	1000.0	1000.0	50000	89.8866	38.193996	184.73366	-37.439934	89.88681	38.193085	185.32977	-36.475693	-91.905	11.531269	790.9731240272522
11	3185.159	611.05066	3686.9941	1999.2517	3401.5183	406.817	3843.743	2391.8704	1000.0	1000.0	55000	107.681595	44.573135	206.86432	-46.198997	107.68166	44.572315	206.13965	-48.426624	-109.77905	14.305162	873.8308351039886
12	3689.6523	77.889565	3795.885	3597.4038	3690.7026	788.0255	4109.608	1345.2858	1000.0	1000.0	60000	125.64771	50.768803	225.54039	-46.026047	125.64778	50.766983	224.0008	-46.907204	-127.96775	17.271503	950.2903380393982
13	3767.3137	188.65662	3975.3218	3466.1335	3647.5645	716.216	4249.034	2221.8303	1000.0	1000.0	65000	143.89665	56.10595	251.16013	-49.021023	143.8971	56.10313	252.13487	-49.451756	-146.1839	20.282307	1023.7032730579376
14	3962.3757	233.34535	4220.6943	3548.2566	4223.2363	155.78635	4496.9326	3954.5183	1000.0	1000.0	70000	161.12955	60.399063	271.77988	-59.672592	161.13005	60.395245	270.28323	-61.196346	-163.61745	23.629637	1102.854367017746
15	4311.6426	184.98296	4515.171	4049.3572	3886.5664	500.2428	4322.3213	2501.7627	1000.0	1000.0	75000	178.2434	63.95077	287.45853	-67.942345	178.24374	63.948063	285.81894	-66.72852	-180.74515	25.734869	1181.4381680488586
16	4224.7046	280.21127	4560.1475	3868.485	4350.089	121.34356	4520.4507	4096.763	1000.0	1000.0	80000	194.79031	67.075	309.25568	-70.52429	194.7905	67.07424	307.60794	-73.254234	-197.293	29.006706	1254.846850156784
17	4476.059	143.62894	4707.5957	4315.0796	4779.4277	142.75916	5020.525	4590.929	1000.0	1000.0	85000	211.28004	69.42496	328.4008	-81.602394	211.2803	69.42361	327.53238	-81.53633	-213.85864	29.576925	1332.5196161270142
18	4918.773	306.5915	5374.3647	4571.6177	5241.245	90.80567	5322.8315	5031.0947	1000.0	1000.0	90000	227.49207	71.80027	352.9204	-88.21708	227.49219	71.80056	350.03192	-91.43983	-230.22975	31.694485	1410.0891599655151
19	5242.5547	183.24173	5578.8076	5023.518	5252.9688	156.62471	5472.3037	5004.271	1000.0	1000.0	95000	244.50258	74.96708	368.4684	-93.784645	244.50305	74.96599	369.95804	-93.479774	-247.36156	32.98834	1487.5056221485138
20	5111.3926	340.9914	5352.1265	4436.747	4946.8486	91.2416	5151.995	4775.511	1000.0	1000.0	100000	261.80453	77.800026	388.3215	-95.30824	261.80478	77.80029	386.73676	-96.84209	-264.35284	36.910194	1567.9267280101776
21	5396.0674	297.31183	5767.66	4855.1265	4821.679	226.34924	5308.607	4528.784	1000.0	1000.0	105000	278.06778	81.20826	403.91617	-94.94091	278.06796	81.20876	402.77872	-96.45862	-281.3556	38.940205	1647.59588098526
22	5466.1636	411.49054	5842.6597	4674.9985	5919.9214	103.96344	6111.138	5740.067	1000.0	1000.0	110000	293.84323	84.575584	423.8957	-93.049194	293.84393	84.5744	422.07175	-91.225685	-296.58206	42.613186	1726.3946781158447
23	5840.345	126.38452	6032.4395	5701.074	5870.4644	105.18953	6045.8564	5646.308	1000.0	1000.0	115000	309.40823	87.19035	439.2322	-103.77822	309.40823	87.19168	438.9851	-102.67094	-312.4488	42.144688	1800.793272972107
24	5842.456	208.43245	6011.3413	5524.615	6222.29	97.06071	6383.306	6076.802	1000.0	1000.0	120000	324.20383	89.64874	454.52817	-98.247185	324.20404	89.648	454.76437	-103.30098	-327.26242	43.28865	1878.5246050357819
25	6117.8467	298.79968	6389.532	5551.989	6476.3906	47.688725	6582.549	6408.203	1000.0	1000.0	125000	338.75378	92.58203	469.82724	-109.57376	338.7541	92.58136	472.7381	-113.08735	-341.69064	43.11576	1950.0163788795471
26	6368.76	201.57594	6701.195	6070.382	6445.836	283.16202	6846.026	5990.927	1000.0	1000.0	130000	353.0826	96.15538	486.38782	-141.50241	353.08337	96.1561	489.71915	-137.3168	-356.05447	45.382168	2031.698576927185
27	6506.9424	179.50269	6684.2944	6163.53	6237.8486	110.78902	6423.7324	6044.0806	1000.0	1000.0	135000	367.5874	98.489876	511.48517	-139.78949	367.5875	98.49009	512.7486	-137.93924	-370.6117	47.837536	2112.0196390151978
28	5965.811	757.6291	6653.3076	4494.6484	6826.686	188.86029	6990.7515	6331.998	1000.0	1000.0	140000	380.73215	100.66019	527.1894	-144.24278	380.73264	100.659096	524.72205	-145.59294	-383.92984	49.222923	2190.8980870246887
29	6680.073	160.45963	6913.5464	6481.839	7137.4585	256.17422	7340.0894	6436.6577	1000.0	1000.0	145000	393.5532	103.619896	535.4914	-172.90729	393.5532	103.6202	535.61224	-168.27742	-396.6806	52.43333	2268.711501121521
30	5423.2764	2597.1143	6886.5615	236.35327	6715.8657	367.87088	6964.252	5640.0015	1000.0	1000.0	150000	403.22968	110.240616	547.05414	-193.90605	403.22986	110.24203	546.91315	-191.73608	-406.23474	54.116344	2343.549451112747
31	6972.836	150.73752	7206.8125	6763.7344	6980.8257	83.87066	7108.435	6813.72	1000.0	1000.0	155000	414.3753	114.16733	560.7042	-217.18527	414.3755	114.16738	559.75964	-221.05714	-417.70413	54.8653	2417.9116950035095
32	5817.455	2033.6104	7062.39	1761.2778	6552.416	1008.1433	7144.7676	3572.4045	1000.0	1000.0	160000	424.44003	117.4163	579.0596	-210.24658	424.4395	117.41604	572.4748	-221.97108	-427.2562	58.05309	2496.926786184311
33	6559.3486	267.6381	6870.834	6116.3623	7421.8975	78.3753	7588.2637	7324.053	1000.0	1000.0	165000	433.7532	120.45904	583.6526	-230.59477	433.75308	120.46009	581.4573	-225.92065	-437.0145	63.4182	2578.043359041214
34	6992.8774	175.78285	7205.138	6728.21	7228.882	102.17356	7392.591	7085.066	1000.0	1000.0	170000	443.69577	122.08135	590.47015	-257.38702	443.69675	122.08217	588.036	-261.29614	-446.7922	64.794975	2659.9759221076965
35	6940.3604	209.53685	7252.072	6689.2676	7005.341	82.130745	7147.584	6875.099	1000.0	1000.0	175000	453.0394	123.188126	601.69073	-267.45905	453.03937	123.188934	599.20337	-276.50082	-456.1284	63.816856	2736.5889179706573
36	7003.288	92.70755	7131.6294	6865.6704	7314.1064	134.81099	7481.239	7015.8696	1000.0	1000.0	180000	462.22104	123.82312	605.63416	-258.50513	462.22116	123.823814	605.23627	-265.48694	-465.101	59.766068	2816.7074267864227
37	7062.824	92.1987	7186.2026	6917.914	7408.004	103.45008	7649.1816	7292.425	1000.0	1000.0	185000	472.11218	123.53863	612.68756	-271.94897	472.11252	123.53884	610.83636	-284.06348	-475.27536	56.814976	2889.4898529052734
38	6906.8037	111.90143	7030.2944	6697.7065	7345.835	45.37255	7405.0967	7265.7524	1000.0	1000.0	190000	480.37888	124.845085	622.0406	-303.8818	480.3785	124.845055	625.38245	-297.56995	-483.1071	57.551273	2970.293933868408
39	7041.018	131.24258	7181.2695	6797.5195	7498.935	94.394806	7627.3423	7350.326	1000.0	1000.0	195000	488.12213	125.74183	628.24884	-273.30872	488.12292	125.7412	626.4998	-272.49692	-491.0467	61.089775	3050.378103017807
40	6951.586	258.2245	7248.59	6492.0557	7298.522	113.81055	7472.2217	7122.4634	1000.0	1000.0	200000	495.71573	125.90992	636.1735	-291.64493	495.71628	125.9103	632.40375	-295.69437	-498.3811	60.203663	3133.9892299175262
41	6759.9385	884.69916	7294.5605	5003.915	7510.3213	158.33134	7762.5	7260.4233	1000.0	1000.0	205000	502.28336	126.541954	638.0541	-288.16574	502.28366	126.542435	637.06866	-281.08493	-505.091	59.6432	3212.3694190979004
42	7021.456	179.0218	7297.476	6749.0464	7359.509	92.66434	7509.4243	7176.653	1000.0	1000.0	210000	508.47968	127.955505	646.039	-288.89963	508.48026	127.95429	644.64825	-283.36215	-511.45694	63.161823	3292.7832589149475
43	7150.6562	149.11131	7388.467	6917.0693	7567.9062	119.22533	7751.823	7359.836	1000.0	1000.0	215000	515.2557	127.63549	648.7596	-306.84833	515.2558	127.63561	648.1782	-299.64612	-518.332	60.37129	3367.6415209770203
44	7341.995	141.61305	7514.3525	7117.0903	7669.3516	82.89189	7780.6167	7521.669	1000.0	1000.0	220000	521.27655	127.24746	658.11255	-312.07394	521.2765	127.247215	654.23486	-310.67096	-524.1109	59.522427	3442.616359949112
45	7321.754	151.84056	7465.429	7049.7837	7714.7383	123.30758	7908.376	7570.407	1000.0	1000.0	225000	526.85504	127.719315	659.67645	-311.087	526.8558	127.71782	658.112	-296.80017	-529.6868	59.928642	3526.5109860897064
46	7444.671	134.63638	7684.7935	7273.9907	7313.093	130.56935	7466.205	7107.572	1000.0	1000.0	230000	532.3886	127.870964	664.32935	-325.1451	532.3891	127.86754	663.59937	-319.15588	-535.332	59.433083	3604.919235229492
47	7295.3687	191.21027	7613.6963	7054.6646	7426.3643	120.78686	7624.7573	7178.519	1000.0	1000.0	235000	537.8406	128.02426	666.262	-328.57278	537.8409	128.02563	665.8143	-324.26013	-540.5582	61.00005	3687.7752499580383
48	7289.046	147.31705	7549.2593	7123.669	7838.5225	146.42477	8070.9087	7623.567	1000.0	1000.0	240000	543.047	128.06299	672.6186	-311.74792	543.0474	128.06091	670.6406	-316.7078	-545.7246	62.338886	3765.6447088718414
49	7446.581	162.12675	7678.9136	7170.629	7708.624	64.33104	7778.4565	7594.6733	1000.0	1000.0	245000	547.66626	128.5971	673.09717	-310.02704	547.6669	128.59703	672.8665	-304.30084	-550.2028	62.735264	3845.5102019309998
50	7153.9937	320.79425	7564.2285	6769.6772	7815.0054	98.61721	7949.833	7622.704	1000.0	1000.0	250000	552.893	128.30988	681.03894	-301.088	552.89307	128.30931	679.4372	-305.09274	-555.8421	60.21067	3917.1006350517273
51	7291.457	468.33936	7639.9014	6370.159	7798.036	86.485085	7937.6206	7621.9917	1000.0	1000.0	255000	557.03217	128.40826	680.6992	-287.0281	557.03296	128.40758	682.4282	-278.6562	-559.6065	59.819824	3999.6773178577423
52	7431.897	147.05559	7568.9385	7152.7275	7588.5483	84.86082	7708.477	7439.2236	1000.0	1000.0	260000	561.80145	127.03898	696.541	-269.97766	561.80096	127.03985	696.01263	-277.0903	-564.5644	57.164555	4079.632817029953
53	7479.108	217.1291	7799.2305	7124.969	7814.471	74.88722	7946.3022	7646.81	1000.0	1000.0	265000	566.48456	126.39589	698.4841	-274.6857	566.48505	126.396095	695.50116	-280.32785	-569.3901	57.712257	4162.676424026489
54	7539.8687	273.56235	7806.055	7029.054	8073.995	103.44224	8213.949	7883.0176	1000.0	1000.0	270000	571.35504	125.40745	704.0441	-287.41855	571.3552	125.40764	703.1496	-283.42026	-574.3364	58.366573	4243.865344047546
55	7665.608	119.250984	7794.483	7452.786	7720.7476	86.97316	7887.2305	7554.8936	1000.0	1000.0	275000	574.98553	125.5577	706.2317	-285.26242	574.986	125.55768	704.6412	-295.29895	-577.493	56.19285	4322.825662136078
56	6850.9907	1242.2344	7735.864	4425.991	7755.753	111.89007	7930.433	7574.0728	1000.0	1000.0	280000	578.08997	126.12137	707.32837	-300.6148	578.0902	126.12141	707.2868	-284.73148	-580.57965	57.706177	4399.107222080231
57	7242.5312	187.62654	7484.604	6994.6377	7953.2354	167.95587	8276.961	7601.2695	1000.0	1000.0	285000	581.2491	126.67687	713.4936	-308.23315	581.2489	126.67648	710.7525	-314.58682	-583.8001	56.78068	4474.23681807518
58	7688.243	139.19878	7881.6313	7484.4736	8151.466	118.965065	8335.645	7979.7197	1000.0	1000.0	290000	583.9318	128.25551	721.7809	-277.31738	583.93243	128.25697	715.08417	-276.31195	-586.2283	59.210938	4557.773646831512
59	7630.0454	278.64194	7990.593	7262.5024	8048.0635	113.12611	8209.681	7827.9795	1000.0	1000.0	295000	587.1393	128.86049	714.2345	-280.65228	587.13983	128.8586	714.3352	-286.29788	-589.592	60.880363	4634.942765951157
60	7819.7524	140.18126	7956.4937	7551.7896	8010.4087	123.37725	8260.683	7845.7637	1000.0	1000.0	300000	590.1161	129.40086	721.258	-283.0852	590.1162	129.39969	719.93866	-288.18918	-592.7888	59.26719	4715.062317848206
61	7505.522	269.69394	7801.8496	7053.454	7731.306	116.61152	7858.658	7474.1313	1000.0	1000.0	305000	593.05884	130.45291	721.3862	-317.9395	593.0592	130.4533	721.89844	-319.06433	-595.63574	59.21131	4789.798240184784
62	7640.431	117.96005	7828.143	7485.382	8142.8857	103.76273	8296.377	7968.648	1000.0	1000.0	310000	596.4481	129.74641	727.8945	-316.36008	596.44824	129.74545	723.7854	-318.1945	-598.8475	57.512413	4865.4758150577545
63	7634.3633	303.81393	7827.5786	7030.6875	7728.1914	135.27316	7916.969	7488.521	1000.0	1000.0	315000	599.2093	130.019	725.16315	-304.84198	599.20996	130.02005	724.4846	-305.46646	-601.3875	58.55511	4935.366302013397
64	7538.7266	440.05316	7990.024	6851.054	7899.681	58.13636	7966.808	7760.429	1000.0	1000.0	320000	601.8278	129.64693	726.7678	-305.9318	601.82776	129.64525	725.9349	-316.22253	-604.5995	58.37591	5015.881428003311
65	7777.0586	179.09673	8121.727	7643.1655	8121.694	124.99013	8303.678	7926.9775	1000.0	1000.0	325000	604.5674	129.22156	729.6146	-309.28073	604.5679	129.21967	728.16516	-317.3201	-606.6105	56.95473	5091.646363019943
66	7680.28	176.04507	7951.1094	7405.31	7915.7393	64.11518	8001.439	7796.656	1000.0	1000.0	330000	607.3773	127.74866	729.81177	-301.5145	607.3776	127.74876	730.2201	-302.4916	-609.8898	58.46443	5173.765024185181
67	7794.5283	129.55493	7999.55	7662.2207	8262.5	132.1092	8547.255	8113.878	1000.0	1000.0	335000	609.7545	127.65722	731.53613	-311.2053	609.7541	127.6574	734.86194	-313.38025	-612.34204	57.125076	5248.487025976181
68	7882.7695	193.65033	8112.0557	7619.8467	7867.5444	90.573044	8015.607	7679.709	1000.0	1000.0	340000	612.19275	127.19045	734.9412	-322.5974	612.19354	127.18885	732.4765	-301.7211	-614.5229	56.340538	5324.900355815887
69	7856.536	172.78387	8159.4443	7620.537	8302.92	96.67135	8467.63	8165.236	1000.0	1000.0	345000	614.8003	126.962494	737.8329	-289.02042	614.7999	126.96514	737.69196	-292.6956	-617.1287	57.03998	5394.521945953369
70	7825.832	79.85856	7915.5874	7719.531	8266.044	141.99649	8530.875	8014.23	1000.0	1000.0	350000	617.02136	127.458916	739.5816	-299.61072	617.0216	127.45695	745.2977	-296.74304	-619.3961	59.595787	5474.285518884659
71	7689.7437	178.3008	7854.294	7360.4053	8020.992	221.6105	8494.942	7706.9307	1000.0	1000.0	355000	619.38495	127.061356	743.13043	-298.14783	619.38477	127.06254	744.8926	-297.6935	-621.9468	57.840874	5551.452023029327
72	7905.1533	193.47115	8200.316	7614.117	7950.1826	178.25322	8354.6	7785.715	1000.0	1000.0	360000	621.7223	125.94956	743.53314	-288.12698	621.7228	125.94919	744.2002	-280.01758	-623.9927	58.016975	5631.451135158539
73	7948.6313	140.68666	8081.152	7759.832	8491.342	186.59315	8661.774	8037.324	1000.0	1000.0	365000	624.10693	125.49831	742.409	-323.5418	624.10724	125.49828	742.62146	-312.33987	-626.4602	56.294262	5708.378221035004
74	7963.88	197.86984	8278.3955	7668.783	8365.205	96.02585	8522.082	8161.0923	1000.0	1000.0	370000	625.9038	125.45513	750.16235	-329.11353	625.9041	125.45626	747.6574	-326.21872	-628.0352	54.816925	5786.110749006271
75	8052.8477	134.1395	8252.947	7878.8057	8420.411	136.76736	8677.184	8204.359	1000.0	1000.0	375000	627.8558	126.27582	750.25494	-316.83405	627.8554	126.27688	748.52576	-314.6525	-630.1292	55.299343	5857.104039907455
76	7982.6367	262.85526	8324.288	7520.1294	8420.293	204.84558	8660.198	7949.9688	1000.0	1000.0	380000	629.7751	126.793755	750.94165	-302.66278	629.7756	126.7943	750.566	-302.1554	-632.19763	56.535374	5932.740033149719
77	7860.8228	228.37485	8080.109	7430.7397	8196.962	94.49003	8365.213	8049.539	1000.0	1000.0	385000	632.6312	125.50489	752.8499	-306.71613	632.632	125.50377	752.8314	-311.9884	-634.91473	55.232513	6013.694625139236
78	7946.759	249.21625	8183.942	7465.57	8438.58	101.039055	8545.397	8241.074	1000.0	1000.0	390000	633.7949	126.56899	757.5492	-313.7132	633.7954	126.56741	755.6004	-323.6769	-636.25507	56.729164	6091.278687000275
79	8105.9053	150.81259	8387.913	7949.417	8598.018	86.036835	8704.843	8470.28	1000.0	1000.0	395000	636.13556	125.97727	757.1471	-304.30966	636.13574	125.978096	758.25226	-296.0616	-638.2722	56.162987	6174.495503902435
80	8033.651	205.94473	8301.184	7816.417	8121.169	106.048515	8256.864	7902.923	1000.0	1000.0	400000	638.33966	125.44251	757.8136	-297.91534	638.33966	125.443115	757.7372	-301.36115	-640.7088	57.34364	6250.212178945541
81	8120.276	238.5348	8393.639	7824.3584	8241.634	169.09256	8539.208	7943.6543	1000.0	1000.0	405000	640.1585	125.30444	760.2112	-276.3083	640.15936	125.306625	758.1222	-282.33224	-642.16016	55.47491	6327.372956037521
82	8088.5493	118.552895	8246.515	7919.4917	8538.752	113.46975	8800.559	8331.421	1000.0	1000.0	410000	641.7643	124.30192	764.4057	-262.8296	641.7645	124.301636	764.00195	-239.28207	-644.0847	55.603806	6397.2544457912445
83	8103.8516	131.40317	8246.25	7867.6543	8647.371	173.95259	8988.759	8383.185	1000.0	1000.0	415000	643.7382	124.08195	766.9543	-253.71507	643.73804	124.08379	769.13806	-245.53244	-645.9515	55.40434	6478.982547998428
84	8101.4844	113.46091	8172.966	7876.2715	8531.718	109.29738	8730.723	8344.261	1000.0	1000.0	420000	646.24005	122.65246	772.185	-250.17163	646.2411	122.65226	771.5052	-245.77634	-648.5999	58.1215	6556.159489154816
85	8191.004	81.16706	8330.971	8078.179	7513.7275	307.51337	8010.8975	7025.8257	1000.0	1000.0	425000	648.3105	122.36655	772.30646	-247.6869	648.31104	122.368385	772.03186	-256.0132	-650.8017	55.54405	6637.96470785141
86	8014.8516	435.90665	8276.154	7146.953	8323.674	123.67439	8549.555	8195.871	1000.0	1000.0	430000	650.2136	122.11534	775.0333	-253.12701	650.214	122.115585	776.07544	-241.37607	-652.5725	54.977776	6714.393662929535
87	6697.452	2785.5508	8575.848	1166.9781	8483.454	113.7091	8619.556	8198.16	1000.0	1000.0	435000	651.2532	122.76072	775.566	-254.56117	651.253	122.762	775.19653	-252.84558	-653.3432	56.413326	6793.405627012253
88	8059.3374	215.60847	8306.956	7734.4004	8578.943	111.31273	8768.823	8421.919	1000.0	1000.0	440000	651.74817	125.455925	776.31274	-265.7152	651.7488	125.45523	776.11304	-263.87207	-653.785	58.409412	6862.6050708293915
89	8155.694	289.69052	8506.44	7691.8613	8412.554	965.69336	8826.827	5521.9883	1000.0	1000.0	445000	653.08685	126.64923	776.215	-259.00504	653.08673	126.65103	776.45105	-259.90164	-655.2804	60.57703	6943.456966876984
90	8273.016	57.05284	8330.991	8196.059	8594.702	111.7231	8821.934	8446.407	1000.0	1000.0	450000	654.6883	126.64741	778.71924	-254.66435	654.68854	126.64816	779.22833	-260.81345	-656.8897	58.9178	7022.181639909744
91	8232.784	106.82922	8399.557	8075.7334	8818.855	141.34766	9146.648	8606.554	1000.0	1000.0	455000	656.53015	125.94744	777.8494	-249.34209	656.53	125.94984	780.69476	-254.6191	-658.9948	59.150936	7105.326412200928
92	8163.632	191.43321	8375.825	7877.1636	8329.866	77.514366	8467.123	8193.341	1000.0	1000.0	460000	657.45953	126.6478	783.3971	-249.21082	657.4601	126.64769	782.121	-239.60481	-659.5997	61.207993	7181.0947778224945
93	8372.959	132.49768	8493.715	8146.2466	8264.864	180.32771	8536.155	7942.138	1000.0	1000.0	465000	658.6832	127.59886	794.5644	-248.60216	658.6839	127.59998	791.6406	-253.82155	-660.8702	58.448624	7259.7897889614105
94	8230.332	247.60065	8535.771	7847.2876	8948.338	102.03641	9135.311	8781.779	1000.0	1000.0	470000	660.46295	126.57479	791.7136	-241.83469	660.4633	126.57488	792.72205	-244.80421	-662.6527	56.91931	7329.832513093948
95	8277.408	168.19826	8519.286	8074.0605	8516.87	104.489914	8648.527	8351.859	1000.0	1000.0	475000	662.1755	125.28962	794.3877	-230.81429	662.1762	125.28996	793.1288	-242.68431	-664.2009	57.291355	7420.2488489151
96	8163.8267	254.57553	8419.691	7676.276	8528.911	114.54004	8735.309	8324.623	1000.0	1000.0	480000	663.2818	125.54145	793.44135	-238.18602	663.2819	125.54457	793.30426	-235.23189	-665.3128	62.071426	7509.241405010223
97	8350.248	156.612	8556.563	8119.1846	7737.2764	1980.3429	8528.435	1802.1686	1000.0	1000.0	485000	665.2726	124.054	797.04913	-250.04839	665.2725	124.05578	797.173	-244.94067	-667.5759	59.16592	7600.277735948563
98	8360.632	83.33563	8446.003	8213.094	8645.3545	152.76564	8902.411	8424.765	1000.0	1000.0	490000	666.73755	123.56423	796.5139	-226.11906	666.7374	123.56487	795.0609	-234.90631	-668.7283	58.0244	7692.11142206192
99	8350.068	308.3806	8772.389	7885.58	8806.222	122.79659	8929.594	8591.03	1000.0	1000.0	495000	668.81714	122.27896	797.8218	-213.28575	668.8173	122.279686	798.79486	-213.38638	-671.0317	59.06853	7777.026499032974
100	8363.619	102.685135	8492.036	8215.12	8628.917	101.47677	8771.393	8425.5	1000.0	1000.0	500000	670.4975	121.72422	798.55707	-211.16803	670.49805	121.725266	797.53534	-206.49342	-672.87897	56.610283	7855.497704982758
101	8412.112	146.86499	8620.624	8190.7344	8635.008	159.13687	8827.315	8253.97	1000.0	1000.0	505000	671.83813	121.81089	800.452	-215.28586	671.8384	121.812645	799.1682	-207.892	-673.9332	57.9746	7932.10661315918
102	8294.22	344.77676	8665.246	7653.0996	8849.658	157.19653	9064.688	8585.404	1000.0	1000.0	510000	673.48175	121.459816	804.77856	-210.90135	673.482	121.45904	802.6554	-219.70245	-675.74536	58.257187	8012.773645877838
103	8490.866	128.27138	8666.234	8297.334	8614.729	177.0688	8854.102	8313.069	1000.0	1000.0	515000	675.1833	121.2484	804.7531	-217.50146	675.1837	121.249794	802.18585	-214.0139	-677.317	61.12724	8099.585426092148
104	8417.657	145.42375	8610.017	8230.87	9070.619	108.46219	9208.733	8890.8125	1000.0	1000.0	520000	677.483	119.44418	806.5792	-218.66476	677.4834	119.44521	804.7581	-205.02457	-679.7456	60.595974	8187.620141983032
105	8669.252	118.49082	8855.274	8561.263	8886.528	194.84111	9322.381	8630.716	1000.0	1000.0	525000	679.2445	118.75716	806.5899	-214.58192	679.2451	118.75757	808.8185	-226.95651	-681.306	59.63384	8270.276098012924
106	8411.529	84.810326	8521.47	8294.244	8896.713	93.075745	9040.674	8711.127	1000.0	1000.0	530000	680.65576	118.42955	804.67944	-217.78368	680.6559	118.43176	807.22546	-223.64655	-682.7639	57.97125	8348.384284973145
107	8386.708	465.23022	8898.9	7612.3677	8947.132	171.69748	9209.156	8729.519	1000.0	1000.0	535000	682.20624	118.43531	808.39	-225.27666	682.20667	118.43421	805.78705	-225.42844	-684.6139	57.47835	8422.517788887024
108	8536.678	107.713646	8720.72	8383.468	9047.079	126.52048	9318.015	8813.259	1000.0	1000.0	540000	683.3989	119.15795	808.8749	-264.22214	683.3988	119.16102	808.7029	-225.5639	-685.54395	59.499836	8505.253648042679
109	8617.787	123.13952	8776.586	8401.584	8660.617	150.27089	8851.752	8385.089	1000.0	1000.0	545000	685.35767	118.008705	810.9587	-223.05788	685.3582	118.00944	811.5643	-199.1113	-687.2382	59.9756	8587.02751493454
110	8679.575	192.1071	8913.625	8369.809	9134.389	161.43663	9388.812	8781.73	1000.0	1000.0	550000	685.9357	119.854965	811.7303	-236.44064	685.9364	119.8547	813.1141	-232.98746	-688.1597	60.7294	8670.595602989197
111	8536.018	417.15887	8941.831	7729.454	8961.879	179.04713	9210.203	8645.987	1000.0	1000.0	555000	687.5632	118.89887	817.10486	-249.18495	687.5631	118.90219	817.39764	-245.16441	-689.6102	62.6115	8785.891457080841
112	8855.99	138.81943	9104.135	8697.91	8893.344	167.31638	9183.265	8589.312	1000.0	1000.0	560000	688.452	119.80035	813.6106	-243.35121	688.45245	119.79956	815.25146	-238.1458	-690.6536	62.118977	8867.629750013351
113	8645.717	147.24959	8824.226	8474.474	9123.187	53.92445	9208.248	9038.877	1000.0	1000.0	565000	690.5643	118.6398	815.7141	-209.31459	690.5644	118.6406	816.6491	-210.77513	-692.78064	62.27711	8943.45469903946
114	8624.267	114.59387	8813.055	8470.602	8930.644	137.84897	9065.51	8582.424	1000.0	1000.0	570000	691.6246	119.77723	816.27936	-222.755	691.62524	119.77873	816.4587	-212.9722	-693.6301	62.571945	9027.199649095535
115	8698.852	80.01536	8835.057	8628.564	8637.546	117.61732	8850.416	8500.873	1000.0	1000.0	575000	693.42596	119.06762	821.73145	-334.43555	693.4266	119.06661	821.91406	-241.28542	-695.49744	63.431393	9111.000321149826
116	8711.3545	171.1237	8979.596	8443.12	9260.961	114.61567	9441.328	9088.108	1000.0	1000.0	580000	695.00366	119.758484	823.38275	-217.2826	695.0035	119.76045	824.32837	-216.42155	-697.29425	61.14135	9194.069034099579
117	8712.265	177.88597	8953.556	8466.366	9442.079	129.6391	9567.836	9156.656	1000.0	1000.0	585000	696.6941	119.33674	822.0065	-234.06635	696.69415	119.33933	822.3565	-292.68567	-698.6272	62.309486	9279.291842222214
118	8779.295	211.0047	9135.711	8551.515	9302.428	86.57132	9447.952	9173.006	1000.0	1000.0	590000	698.06464	119.76959	821.74536	-265.84653	698.06537	119.766815	824.80597	-267.62088	-699.921	65.23805	9375.530815124512
119	8811.455	203.75716	9104.418	8495.137	8591.188	2090.9058	9477.939	2326.1108	1000.0	1000.0	595000	700.1556	118.1875	829.2052	-209.31554	700.15607	118.18956	827.4673	-245.5972	-702.4375	64.142784	9454.80887889862
120	8812.665	151.1798	8943.656	8528.088	8825.522	142.89455	8990.944	8638.562	1000.0	1000.0	600000	701.6582	118.070656	827.3746	-275.75006	701.6577	118.0692	825.98645	-249.48921	-703.8226	62.9408	9530.822224855423
121	8733.86	141.07715	8875.315	8537.604	8385.946	2474.5842	9367.262	968.7644	1000.0	1000.0	605000	702.672	118.495766	831.993	-258.57367	702.6721	118.49896	829.95514	-244.25055	-704.78394	64.05571	9613.093994140625
122	8618.231	212.2518	8885.142	8258.581	9152.947	150.96892	9381.847	8790.957	1000.0	1000.0	610000	703.92444	118.346886	830.0484	-226.7748	703.92456	118.34998	826.3252	-222.00815	-705.9631	60.352062	9695.077794075012
123	8719.025	36.61386	8775.699	8660.708	9187.084	153.83095	9477.186	8921.815	1000.0	1000.0	615000	706.0074	118.28451	834.573	-216.78639	706.0077	118.28415	834.39056	-234.67104	-708.3591	60.5774	9778.518015146255
124	8735.037	47.52669	8810.685	8673.475	9032.375	132.39285	9270.602	8781.816	1000.0	1000.0	620000	707.23694	118.756935	833.3866	-213.16286	707.2374	118.75797	832.7152	-207.56795	-709.3788	61.95545	9862.077230930328
125	8853.547	215.4262	9232.681	8630.884	9286.02	187.0763	9597.197	9015.565	1000.0	1000.0	625000	708.9853	117.93623	833.75354	-220.7747	708.9854	117.937584	834.3673	-214.18423	-711.207	64.73944	9944.710820913315
126	8961.185	160.03899	9253.573	8803.486	8994.01	1171.3976	9643.51	6115.0103	1000.0	1000.0	630000	710.37726	118.88912	837.6913	-234.03212	710.3771	118.891075	838.9327	-244.00183	-712.4976	64.38543	10026.76347899437
127	8738.388	138.33737	8970.84	8578.497	9446.908	87.797905	9609.638	9308.513	1000.0	1000.0	635000	711.8576	119.035416	837.36017	-249.21358	711.8584	119.034386	836.0942	-288.51013	-713.9593	66.47315	10116.067085027695
128	8972.667	189.33536	9176.854	8666.343	9512.248	148.69725	9756.786	9302.134	1000.0	1000.0	640000	713.1051	119.575325	838.66174	-250.69499	713.1054	119.57361	837.22424	-287.15976	-715.05884	64.29624	10201.136855125427
129	8971.12	236.38843	9315.541	8611.039	9578.705	133.55974	9863.612	9389.847	1000.0	1000.0	645000	714.10925	119.72998	835.1297	-225.89442	714.10956	119.72923	837.8403	-225.62987	-716.1601	67.6677	10285.59634590149
130	8958.081	355.9124	9276.258	8300.6	9540.524	191.8712	9879.49	9269.446	1000.0	1000.0	650000	715.7698	118.21901	838.1616	-230.4855	715.77014	118.21956	837.14594	-241.78645	-717.8404	66.55614	10394.116847038269
131	8955.657	105.73454	9138.274	8843.562	9482.223	202.12308	9842.161	9168.127	1000.0	1000.0	655000	717.14514	118.21432	844.9621	-199.14948	717.14594	118.213104	844.0355	-192.27786	-719.3003	65.40883	10479.76407790184
132	9167.47	97.18061	9287.599	9052.249	9524.451	182.44754	9831.64	9202.211	1000.0	1000.0	660000	718.484	118.85936	843.6259	-218.7586	718.4847	118.85958	842.38885	-220.18213	-720.6893	66.38594	10555.782085895538
133	8777.424	198.73965	9123.04	8560.591	9363.236	113.39814	9523.257	9152.116	1000.0	1000.0	665000	719.86554	118.72952	847.24664	-225.7796	719.86554	118.731735	845.5326	-184.02965	-721.9524	68.46104	10634.426492929459
134	9024.412	120.96421	9181.378	8868.163	9236.141	137.93456	9488.21	9044.082	1000.0	1000.0	670000	720.9019	118.796005	844.29034	-251.5494	720.90247	118.793434	844.6527	-284.03955	-723.1733	66.6705	10721.084388971329
135	8950.021	195.19728	9138.524	8614.16	9500.662	128.72441	9668.284	9230.883	1000.0	1000.0	675000	722.37396	118.1112	849.43896	-205.43864	722.37427	118.11154	854.6019	-201.91072	-724.365	68.556046	10804.744630098343
136	8840.05	225.36081	9236.078	8617.114	9392.424	116.49515	9577.057	9168.975	1000.0	1000.0	680000	723.1154	118.6283	854.62994	-241.03735	723.11554	118.62941	855.1161	-218.83002	-725.3566	68.48762	10893.76886677742
137	9118.231	240.05316	9368.803	8760.111	9250.98	120.81194	9452.297	9078.445	1000.0	1000.0	685000	724.16394	118.89035	857.16296	-295.93747	724.1644	118.88801	856.9518	-299.80423	-726.3779	69.848114	10978.547170877457
138	8850.431	119.86142	8972.026	8643.533	9389.995	157.72517	9701.661	9171.915	1000.0	1000.0	690000	725.1846	118.3675	856.1826	-338.7568	725.1848	118.367065	856.8907	-365.17484	-727.4277	72.9589	11058.45246386528
139	9235.282	110.001396	9356.213	9064.312	9432.893	144.47931	9607.397	9219.087	1000.0	1000.0	695000	726.1909	118.543816	852.89734	-246.04662	726.19073	118.54445	855.9064	-250.46698	-728.4414	67.97144	11137.233371019363
140	9018.308	171.5162	9271.412	8743.876	9454.067	171.82219	9746.92	9092.867	1000.0	1000.0	700000	727.24615	118.5774	854.1774	-198.99548	727.24677	118.5745	856.96985	-201.76099	-729.3765	68.20152	11221.880600214005
141	7844.8984	2476.0696	9559.005	2920.2012	9415.17	142.90976	9667.804	9133.33	1000.0	1000.0	705000	727.36523	120.40283	858.31116	-238.38478	727.3657	120.40326	860.7473	-242.46606	-729.4132	70.40883	11309.062723875046
142	9007.225	102.35477	9122.864	8847.99	9485.3955	183.97787	9872.756	9166.859	1000.0	1000.0	710000	727.796	120.65694	856.7032	-207.82457	727.7961	120.65975	859.20233	-229.40799	-729.9269	72.212715	11393.971112012863
143	8727.4	297.01962	9014.693	8231.844	9355.984	176.51845	9608.995	9030.476	1000.0	1000.0	715000	728.28894	121.01219	857.41376	-352.25058	728.289	121.01475	858.46924	-339.50684	-730.5526	79.25415	11483.293351888657
144	8728.055	294.57416	9081.24	8212.183	9114.134	1421.995	9828.801	4884.3047	1000.0	1000.0	720000	728.5674	120.13254	858.7507	-311.04282	728.5679	120.12761	860.66864	-341.71494	-730.69226	75.338486	11566.4239859581
145	8992.174	235.3131	9272.315	8587.924	8555.08	2054.0703	9422.322	2406.2922	1000.0	1000.0	725000	728.9423	120.446846	856.5114	-274.44177	728.9429	120.44794	856.6503	-238.78258	-731.084	75.80838	11647.004832029343
146	9118.657	309.20505	9526.947	8606.734	9757.323	162.41809	9894.578	9312.722	1000.0	1000.0	730000	729.678	120.02119	864.0052	-303.1038	729.6781	120.01845	858.67566	-285.09567	-731.77716	78.428375	11729.382600069046
147	9153.53	261.86826	9497.003	8778.994	8841.584	2645.7783	9968.486	923.0015	1000.0	1000.0	735000	730.25574	120.84777	860.4697	-344.7098	730.2558	120.84852	860.7349	-405.44116	-732.4059	78.38473	11818.092067956924
148	8923.184	407.61343	9322.87	8144.7393	9547.379	156.67351	9688.1045	9152.617	1000.0	1000.0	740000	731.06274	120.85998	858.7591	-320.32394	731.0635	120.86207	858.6159	-296.0597	-733.18726	79.824265	11905.657153129578
149	8992.519	256.55756	9288.995	8527.628	9701.617	168.69131	9971.1875	9383.787	1000.0	1000.0	745000	731.4284	121.10364	859.3162	-267.36493	731.42847	121.10538	858.3407	-271.65515	-733.4719	84.8592	11998.335400104523
150	9202.349	217.3865	9511.877	9011.513	9698.322	201.53412	9985.379	9232.359	1000.0	1000.0	750000	732.54065	120.40279	858.3196	-219.84158	732.54126	120.40279	857.7567	-196.33682	-734.7714	77.62214	12085.123115062714
151	9086.979	186.55121	9417.627	8856.478	9494.688	129.21843	9635.592	9238.311	1000.0	1000.0	755000	733.065	121.28669	861.0752	-205.7054	733.06494	121.28679	860.5226	-203.0233	-735.2074	73.315	12180.192728996277
152	9074.486	154.45796	9246.401	8804.36	9665.325	206.44829	10005.795	9331.621	1000.0	1000.0	760000	733.9623	122.46572	862.33795	-227.58632	733.96265	122.46238	863.0158	-228.65268	-735.6472	74.40647	12264.393282175064
153	9103.1045	252.80719	9442.791	8814.074	9737.662	170.10487	9989.452	9391.794	1000.0	1000.0	765000	734.46326	123.73578	861.02625	-247.41075	734.4636	123.73599	861.7937	-251.6449	-736.46466	75.09496	12361.965579032898
154	9172.117	64.96291	9236.617	9068.924	9802.142	186.4731	10202.363	9466.121	1000.0	1000.0	770000	735.3098	123.287834	858.57544	-275.82288	735.3101	123.2838	858.48334	-270.3639	-737.2753	74.2812	12469.647267818451
